9.507688096417995505e-01
9.124636679045996721e-03
9.970801723945087458e-01
8.184965444672602786e-01
8.519045876751835111e-01
2.537006981170054128e-03
1.030521065999139485e-03
9.816675367541296549e-01
7.162402467296618072e-03
1.955127096055123137e-02
5.704940591596671662e-02
9.018997445809489033e-01
3.237406346998442531e-03
2.296945673401008456e-02
9.878932660029917656e-01
4.909748564026581580e-02
9.999977490391023238e-01
9.996263664887803380e-01
9.976057639352835515e-01
6.917777121552111863e-04
1.499126882784179238e-03
1.242826271987919427e-03
9.360380251629446535e-01
9.995369523475191587e-01
4.326584209052766923e-03
9.999958948728674413e-01
5.891759320923984321e-04
9.996561442314032542e-01
9.998390623806193700e-01
9.845268435575382782e-01
3.783084112111356756e-02
1.264648725870594348e-02
1.129946599789443317e-03
9.989713370417100391e-01
4.217458673768090575e-04
7.489828574673567871e-03
3.625479433146264543e-04
2.537641062550297609e-03
9.999092515027072636e-01
1.266747620769984603e-03
7.409304151167301570e-04
4.731606997888780468e-03
5.912846935785610707e-03
9.973776220282472016e-01
9.999999992341663813e-01
1.163181355634304017e-04
9.998728321418118847e-01
9.983079797361059660e-01
9.999849101046230926e-01
8.605381875764910081e-04
3.345633314056564809e-03
9.992816004664888396e-01
9.994350602074612011e-01
9.976642883440456355e-01
9.999885500712742958e-01
9.999858713815726885e-01
8.389033116333139972e-01
1.472293833281504254e-02
9.985011406281579793e-01
2.369383138776499920e-02
3.779068609755620680e-04
3.139502552853181815e-04
5.527895879098757665e-04
2.071459573382655045e-03
7.085686321914874859e-03
9.036674023710276546e-03
6.737021331097415265e-04
9.957979705257392622e-01
4.999260974509522892e-02
9.999416908386178360e-01
9.999999999490343239e-01
9.999987528689894267e-01
2.132376052129387675e-03
7.177799747576804016e-05
9.999997135473018828e-01
9.997629530272583720e-01
9.999866254203910731e-01
9.998745957669203932e-01
9.666758498284475642e-01
3.075225848246121788e-03
7.523621742910355792e-01
3.151824492386067628e-02
9.999999959482854806e-01
4.019740610108069045e-02
1.082706155199830239e-04
1.646082166890673257e-02
9.991223291382322902e-01
9.096152077736797828e-05
9.916037823179444377e-01
9.999797902069982314e-01
9.994761617277178045e-01
9.435892585578865566e-01
9.700660540446283120e-01
9.999996159976929366e-01
9.942254849121993088e-01
4.144892863243165304e-01
1.498459783397484469e-04
1.191069857649068031e-01
2.065780424600988617e-03
9.994290844296850329e-01
9.999757838196965398e-01
9.931832400262096128e-01
9.174235338915280591e-03
3.299227989678785167e-03
4.266014841987815498e-02
7.287398255120110246e-02
1.352743008949993005e-02
3.184972843714407170e-02
2.134890875093293713e-02
9.882723545197987791e-01
9.967475184174371394e-01
9.487455475864737808e-01
9.999706225247457780e-01
7.460025688271972877e-01
9.999434685443893134e-01
9.999853039881039241e-01
9.999998518849422258e-01
5.501021817887448471e-06
1.049177431775277433e-02
1.187578089842248122e-04
5.683817666904853252e-03
9.997116874154046151e-01
9.666909670297708645e-01
9.999997546873811149e-01
1.076314251112097569e-03
1.875914986789787480e-03
1.460100911525402884e-04
3.667868964965986106e-02
4.282509020883460533e-04
9.950865486164792717e-01
5.949734759111388908e-04
9.317143207079963130e-01
8.184085661132234693e-03
2.442033448566331244e-04
9.996372737094975092e-01
9.218784576041140835e-03
1.801714577277233748e-02
9.999686436400803125e-01
9.969339893089150806e-01
3.598834737630601105e-04
9.995560585264329223e-01
4.958074736134236715e-03
9.250207103783325232e-05
8.620907497170341438e-01
9.963200033349881579e-01
1.434435187466961406e-03
9.998321993426676976e-03
5.782029586092671952e-03
9.999455730725439473e-01
3.944948779586739951e-01
1.812022945666607893e-03
3.037194881554741970e-03
9.997064134949253944e-01
5.684605515714460846e-04
9.987438120076730375e-01
1.245246065976451412e-02
3.265076645842019624e-03
9.999238225728189766e-01
9.997509270872660947e-01
9.996123800402122450e-01
9.425556211719154920e-01
8.287020926814870486e-03
1.993617420407820418e-04
3.567185144503091238e-02
9.999999961975731821e-01
9.990170576961152626e-01
3.953851994069414763e-04
5.108873542595905315e-01
4.907037764802491681e-02
4.624889868430248803e-03
9.978542475676580592e-01
5.103794503842012942e-01
9.999840001882303042e-01
8.023910119288469710e-04
8.801346218398080623e-01
9.943933721064841524e-01
2.780170387944839727e-01
1.786789192491508235e-02
9.905269406675201171e-01
6.864788708138469531e-01
6.136647556290350872e-03
3.018767812534901450e-04
9.999999806934464219e-01
9.999971228763915310e-01
9.828591678307014856e-01
4.995475292044666859e-05
9.999724301510550806e-01
9.629129285428784935e-02
5.532635085649355300e-02
8.012165160597768399e-01
9.992309206455748383e-01
9.768184351674896737e-01
6.215242139390879156e-05
9.999427265772831142e-01
8.013518646134919488e-01
5.653521027717901869e-04
9.999999711095031163e-01
9.999999999996851408e-01
1.088260553005713886e-02
5.660748841709684065e-01
6.460246326271765899e-04
9.972422329890782144e-01
9.999999011140197069e-01
3.464311032885057824e-03
9.992539100824285869e-01
9.999988206688020798e-01
9.996207570400903464e-01
2.293555945684183084e-01
9.937034303718732531e-01
9.999921393214474818e-01
1.236284800623118621e-03
7.926400830947426257e-02
9.999250300132346281e-01
1.485209079061541350e-02
8.790819539461147691e-01
9.624484024800833426e-02
2.064628835359715638e-03
1.084915946891449489e-04
6.392380261166237098e-04
3.952635796267949496e-03
9.479903997893583956e-01
9.984452551650773167e-01
9.758614992615454176e-01
9.999951276202841965e-01
1.338272656998830716e-03
9.663531701652926242e-02
1.679378870545234284e-02
2.730155986296265228e-02
9.999989416377031981e-01
9.999665434123007346e-01
9.999913148303271049e-01
1.811997085319760350e-04
2.269816346818167088e-03
9.999998408705585984e-01
9.955085008816966230e-01
9.999993851865894845e-01
9.409845795946563118e-01
8.042551397184872775e-01
9.969944578418119541e-01
2.981095163623022262e-03
6.004411531469187047e-01
8.775911237602464568e-03
9.999999906706430464e-01
9.831328355963315779e-01
9.939585990828273543e-01
3.845042953993197538e-02
9.994603682079647999e-01
3.417754662006597822e-03
9.999998257946031144e-01
6.421049842504254583e-03
9.963296130986315502e-01
9.995913652919951042e-01
5.396151849353036239e-02
9.960256371614067961e-01
3.155737287369820426e-02
8.266874941967209400e-01
5.696659302370497314e-04
1.523833661930650528e-02
9.999970765086393376e-01
7.042379807410680285e-04
3.190559615710585051e-02
6.223002219359885230e-05
9.348760695020127964e-02
9.998329998223953741e-01
1.037453481601682825e-03
9.999989251620589048e-01
4.241072767670470622e-04
9.999461899474720861e-01
9.999466873891796892e-01
9.912806650358458871e-01
2.218726382129982203e-02
1.416336370533285115e-02
6.322453794932523033e-03
9.998315043749385067e-01
9.999672686608396255e-01
9.999899583257962909e-01
9.999904783501073480e-01
9.999638707172195939e-01
9.999853748516299712e-01
9.999947368144762594e-01
7.493586695835907120e-04
9.940426860504100182e-01
6.874844827716681617e-04
9.999709245000001356e-01
1.734498939537916853e-02
4.242876469477470678e-05
2.218293832638196933e-02
9.970540875990511198e-01
1.783844161178038071e-03
2.022593811244780271e-01
9.986408197619994764e-01
9.999993429917020116e-01
5.405966142473236369e-01
9.813962432520899597e-04
9.997919083881217084e-01
9.963917787563377759e-01
2.929987198151872731e-03
6.826938587189602557e-04
6.752770885901922260e-02
7.546233514256144893e-03
9.999968618329619918e-01
9.999859410661741110e-01
4.849497837089800645e-01
9.601086893431284297e-01
6.002387566468124882e-04
6.297506260006162024e-03
6.015286743971144651e-05
9.985846724893866488e-01
9.999123555606463931e-01
1.123642615997070410e-03
2.986488463677911334e-02
9.999939364383123586e-01
1.020298568300923199e-02
8.211484406138749815e-04
5.384578602735016518e-03
2.059961672003585431e-01
2.241280489443471524e-02
3.240323300694228446e-03
5.917172696628844944e-03
9.999764924292664503e-01
9.795754114607101437e-01
6.509805218889450421e-04
1.664231018070305680e-04
4.466368522034445954e-02
9.999983514573426158e-01
1.966476100080390144e-03
5.384348659241371821e-02
9.999950388788759748e-01
9.998640202878849026e-01
9.999999949730848936e-01
9.884510496318663630e-01
3.548272099493159082e-02
9.999133166897157254e-01
8.513757842031900421e-04
9.999866907780071701e-01
6.725460266455462674e-03
9.994026276536783771e-01
8.728157851209583651e-01
9.958124955621028545e-04
1.326730327345262582e-03
9.893267326813230955e-01
9.999957269016928052e-01
1.740300623744189465e-02
9.366125711283987965e-01
9.888140349429472842e-01
2.131255428680250725e-04
2.403248001378346412e-03
9.999649968041217640e-01
9.999995875956564362e-01
6.013682885718061189e-04
2.933616356532299241e-01
3.534262071946509334e-03
5.582235084744522485e-02
2.338792652519643047e-03
9.973333167149466272e-01
1.201065270063614776e-03
8.576620917058647153e-01
4.335793357317424025e-03
9.989581366514134197e-01
4.523888050989775984e-03
2.088870918603379610e-04
3.198513472375560385e-01
5.946617139638015088e-05
5.070030149003029729e-01
9.998600907592322118e-01
2.705254731026527359e-01
1.859187146912919808e-01
9.999649919286720534e-01
9.876479220208472798e-01
4.066400240835733697e-03
9.677249977792112823e-01
2.758147266699480498e-03
7.949747942675932169e-03
3.647795224868145272e-04
9.982250069867553144e-01
9.800536020858275493e-03
8.990853959452420330e-03
9.964273808124282095e-01
1.761443611353201086e-02
4.752311258212767956e-04
2.293602151544406093e-04
9.323771221849127622e-04
9.950108205457929289e-01
9.999998561736895830e-01
3.826157447282767417e-03
1.386143630056349274e-01
9.999931534210771966e-01
9.999999999999991118e-01
1.001932538284479174e-01
2.438169746395333834e-02
9.943146043239653453e-01
2.379895979905889865e-04
9.516987084257145790e-01
1.364043058549482546e-01
9.939918151892533915e-01
2.465723528760980707e-03
8.758328208422929695e-01
9.817823339656490261e-03
9.999501525264871127e-01
8.940830495241355313e-01
1.315344683122072859e-02
1.091390821130392872e-03
1.999732196777142743e-02
2.325607082755143662e-01
1.041095079966414955e-01
9.993497437794532923e-01
1.121542880301573952e-01
1.063559547192475217e-02
4.021675527278155437e-05
2.310704400048772822e-04
9.064719644958356692e-01
1.123507778432555383e-04
1.788517804484799148e-02
2.083703324717121191e-02
1.078393062635753241e-02
2.684966127553915505e-01
9.998300511828343007e-01
9.999980780441790618e-01
1.884415638668195114e-02
9.170250032035096588e-01
2.902290075960181908e-04
9.996553753379090468e-01
9.870891647208549502e-01
1.785616167511327318e-02
3.721773446840137643e-03
2.333258758829633017e-02
1.675823798634274657e-04
1.913128501734005088e-03
2.629083758946407397e-03
4.761249071404476813e-02
2.590189012106798583e-02
9.990141662462013183e-01
9.998366872686800244e-01
8.166287122108510741e-04
9.996757067557414667e-01
5.138431624111433269e-03
9.999999567016991664e-01
1.149256713388063225e-03
4.572512228616901209e-02
9.406786379535977405e-01
9.997260131701121155e-01
9.961103333218449540e-01
3.354503950837275233e-03
6.344751687048721944e-02
9.999997954849343396e-01
9.990208533074099728e-01
9.997072784717915273e-01
9.996106072461575787e-01
6.409196451668981720e-02
9.609624004145764786e-01
9.930417548281855744e-01
9.982060613288502582e-01
9.999998539099186345e-01
6.870556262980508566e-04
9.999281225939613549e-01
9.998979744320872776e-01
9.791380103234451626e-01
9.999989515585342437e-01
9.997360861649908781e-01
4.870166832625148182e-04
9.999994848162471195e-01
7.929956361038702495e-01
9.989425153175509609e-01
5.165951665830035861e-04
9.846016016855454467e-01
9.999369567533512582e-01
1.149259076902863549e-03
9.969305509933483744e-01
2.309881909017037652e-04
9.738814347367475976e-01
4.116578122788336650e-04
9.996124675328956766e-01
3.588334505253436973e-02
9.984893894496253974e-01
9.999984867827530488e-01
1.883472571001828383e-02
5.238058005381337340e-02
3.902107022999302694e-03
9.999999219689800212e-01
2.861500659046170014e-01
9.998390101203190605e-01
9.994294944192937402e-01
7.993529618231317579e-01
9.999825706359802835e-01
9.998929945532145647e-01
9.999623273066641227e-01
9.995658481072613455e-01
9.522236362720274405e-01
2.403632958475624901e-02
9.994398149442034196e-01
9.348431520310587217e-01
1.487244299932566627e-01
9.995220529160309120e-01
9.964288849790015057e-01
1.196701372309616832e-02
4.123025785426163992e-04
9.998343511102671943e-01
5.337263095087853015e-01
9.999993866064188497e-01
9.998121218665666499e-01
1.060745632241965192e-01
3.455965562522336082e-04
8.911581236623361980e-04
3.546013544552700097e-02
3.335987330514282503e-03
9.922050145655249113e-04
3.985875191919347762e-04
9.999999925330104178e-01
1.951927708098214267e-02
7.746206923700859400e-05
9.999996570724239975e-01
4.907013448719534619e-03
9.999984060432830502e-01
6.597120154603057507e-02
3.707832284252652981e-03
1.755991345762917578e-03
5.221720286344457007e-02
1.224286076353968064e-02
9.969930294733041487e-01
4.494486720812605822e-05
4.378378464215950880e-03
1.187582957517977489e-01
7.963763022791191248e-03
1.752689850436681962e-01
4.136941676783424324e-03
9.834297420838048476e-01
9.999986690649088628e-01
5.262029342396647158e-03
9.999931135404180882e-01
2.393968818646138585e-01
9.905621735446928922e-01
9.984754699513528342e-01
1.191148807771067646e-03
9.999781884618085259e-01
3.944294992884780221e-02
9.999989703365146365e-01
1.549373582290855880e-03
9.999509406308053627e-01
5.093357720492917677e-04
9.922804434291691011e-01
4.469443479146544516e-03
4.050600320597549930e-01
9.972940749858010268e-01
2.328070430539427036e-04
1.515233532805551619e-01
9.999666757410581308e-01
4.097687379872855425e-03
2.015316343787432879e-02
9.998032758344679305e-01
9.999040212028295072e-01
9.979483056427251864e-01
9.656422971279848833e-02
9.999580241451234697e-01
9.599172593698881428e-01
9.967488135145421424e-01
2.881704184516430903e-03
2.869958858173843764e-03
4.444060125152101684e-04
1.352464144242836912e-03
9.996957713223960651e-01
6.444481023468251468e-01
9.979134091559462849e-01
9.867779292001426228e-01
8.687667803784772103e-01
2.009068804615250867e-03
7.946187087057396958e-01
1.072644134870067356e-03
1.465183869697341545e-01
7.599599072803336908e-02
3.139113090289999963e-01
9.893213980057351531e-01
9.932409606555434034e-03
9.999549416443030969e-01
9.998496943655665881e-01
3.000135111920287923e-02
1.123206073194411847e-02
9.999126818474205480e-01
7.360073455649873697e-02
2.232413166303015561e-01
9.416797501837071982e-01
2.757002412504117820e-03
6.328387951555154755e-04
5.864496608305274500e-03
3.469293858316002286e-04
4.454920517322475890e-03
9.998245521838169392e-01
9.999999999795556871e-01
9.999907801871432689e-01
9.996031947609845814e-01
5.082651731004703827e-02
2.773852504328766164e-02
9.975908889091146259e-01
9.999995945454537294e-01
9.999869852360252498e-01
1.645338512567014752e-03
9.896307423021138971e-01
5.287873166706627461e-04
9.522553242968156886e-04
1.831987448553550335e-01
9.999876712200999052e-01
9.333478880844857661e-01
9.999999971030175683e-01
6.029641733404444461e-03
8.684888637819711960e-03
3.031304329031277341e-03
2.186702113606611535e-03
7.028474332165712737e-04
3.555658662476189891e-01
2.996305849966665624e-04
1.097517806530853429e-01
2.957224944912923217e-02
1.042342082273060356e-04
9.999999759602925531e-01
9.863717533034391510e-04
9.994111001721881493e-01
9.916924893349716719e-01
2.320087471033608305e-04
9.913357551812215229e-01
1.070711485609064070e-04
1.775689832284541858e-01
9.256165834560837746e-01
5.549634266237008228e-05
4.635480220909846279e-04
9.849916196624602938e-01
4.903152969215656331e-04
9.997915077240779880e-01
2.712277724478429639e-04
9.997639369031320333e-01
2.190266949840973410e-03
6.230341375040782852e-04
2.604938842288502809e-01
9.999722153051742168e-01
9.904052874652590210e-01
7.221070105257038768e-03
9.949161720523531649e-01
5.596174141837653160e-01
1.016569725819459202e-02
1.352133674138537162e-02
9.466075747003087626e-01
1.371840843179546296e-04
2.524144412434966567e-01
9.505849755049553540e-01
9.995314009901239416e-01
1.074782617102708060e-01
9.999985432622313652e-01
9.999930037083779588e-01
1.146635654146944093e-03
9.905958393183942334e-01
9.859884219623168411e-01
5.393995186849191888e-03
3.619305216729658378e-04
6.241970241294697574e-02
3.166541823680518036e-02
9.999999999964850339e-01
3.383136807117807787e-02
9.856860468430248545e-01
2.528763655527664633e-02
9.999912329423213952e-01
1.326013690960839994e-03
1.555509303959716179e-03
1.167711855756949080e-02
9.999393733195724998e-01
9.997877419874789950e-01
9.949644211468470223e-01
2.986606334421125063e-03
4.180230702571700180e-02
8.630171010773173002e-03
1.023962019508881278e-03
9.997936172660778498e-01
7.023248058394559318e-03
9.614993264614037083e-02
9.725442573402378610e-01
9.972722625691586851e-01
5.735637613060044597e-03
9.923041619862520424e-01
9.507691710831860793e-03
9.566752772063334964e-01
9.365127114830621435e-01
9.998734881812932906e-01
2.141639340319129517e-03
1.500830245258079343e-03
9.948928831069373535e-01
9.626042337689764139e-01
1.264366255422906711e-02
8.433600049431669299e-02
4.376891789050918469e-02
1.029383035044810187e-03
9.944730438351979673e-01
9.999999968224615454e-01
3.092566694552399253e-03
9.999324024703436509e-01
9.998746952206268857e-01
9.994493194494313837e-01
6.543359435037396843e-04
2.880096130656455422e-01
1.042330395056600967e-02
1.031939758162683969e-02
1.911688767097699092e-04
9.993231015489489888e-01
4.808889049127572021e-03
9.999946580363743287e-01
9.659067520723914058e-01
9.992943252307134872e-01
2.066558384198347725e-02
4.909802734238100791e-02
9.501386588104570371e-05
1.076622349414611650e-02
9.999875718679415160e-01
9.974361346215234736e-01
3.836431903868145216e-03
9.999976830068798561e-01
3.406397061858330334e-03
2.911579547263045721e-03
2.709260725817361909e-02
9.415100382851174787e-01
9.999770478666610840e-01
1.616578428795387027e-03
2.818566086914935966e-03
8.809300632685409431e-04
9.998452743456046621e-01
9.787759156398752047e-01
4.743293675468368293e-04
9.999938403953543276e-01
9.999997557392349412e-01
1.412687793578322774e-03
9.999994494342037132e-01
9.957687067542496662e-01
7.517479849845516530e-03
6.860930909077208803e-03
5.849453986646356747e-03
1.234835368734311196e-03
9.999889818254150686e-01
7.391296394294489961e-04
9.995074452157794997e-01
1.823804010925178997e-03
4.831408973888449629e-03
2.030385012175806025e-02
9.996691753995007312e-01
1.157112115135094793e-01
5.768515954683817865e-02
9.872524327785084930e-01
9.982324049174671199e-01
1.238706804126702907e-02
9.986820591568185135e-01
9.957108334573936403e-01
9.999999729655074665e-01
9.999999999932882577e-01
2.158605639576357659e-03
9.999676648121921252e-01
1.733346155252544953e-03
6.065170297332515142e-02
9.221697713142673614e-01
2.512536154226949758e-01
2.083189221195147993e-05
1.476406988478323553e-05
9.959562717288337197e-01
6.982104347386917931e-02
2.035880745559985952e-02
7.458744749635827677e-06
5.072958510480741340e-02
4.680821535800661266e-04
1.609969027927455471e-02
9.915935737922355608e-01
2.558661210718736825e-02
9.894567473363061749e-01
1.282417027549962764e-02
9.999893348188023667e-01
2.942771593443994308e-03
9.872474193908441498e-01
9.094730938613126980e-03
1.962202243455506319e-03
9.956977748135992234e-01
8.376473039266035814e-01
5.965437857281141731e-02
2.762538309304885323e-02
9.533328305599249042e-01
9.984010322158802797e-01
9.486685383795622206e-01
9.999999801199481730e-01
9.992810362970575566e-01
9.995980130801012109e-01
9.938616272285168973e-01
9.989547146720877402e-01
9.584608880046050243e-04
6.041542749506135790e-01
1.449463530108997533e-01
9.787071548445771541e-01
9.997602735776380811e-01
2.569272308110442590e-02
9.966552881227035421e-01
9.998935734482616855e-01
4.087158124707046362e-03
1.355177793913140685e-03
1.264175802493869814e-02
1.668999681862394502e-01
9.999871261385412380e-01
6.864141825658003349e-01
6.111878192500569580e-03
9.536688790043986730e-01
1.117684442408142971e-02
4.746508075607147603e-01
9.354382614805036855e-01
2.614421147699173657e-03
2.341164098307466426e-02
2.115702266963984460e-03
8.699538471947251272e-01
9.877378061487737115e-01
9.999352634410213492e-01
4.794580777205554867e-01
1.305025485015181286e-01
7.371052843162931301e-03
9.999999906254014581e-01
4.767041802872917095e-02
9.998489718415385363e-01
9.848208894857395368e-01
7.132887114018843060e-04
3.593631195273087539e-04
9.957040067767787273e-01
4.984114989128492212e-03
9.135934803304609497e-01
9.957615013433500639e-01
9.999989463121701228e-01
2.802910793604932935e-02
9.999981551893204479e-01
9.931170560656098489e-01
9.956961517777398463e-01
1.619834198302783817e-03
8.896053414549188743e-01
9.999997519774759258e-01
9.970435412982471268e-01
9.965644129318751432e-01
9.530269533124483550e-01
6.102958308898522033e-02
9.315782778106308504e-01
9.999999329836066764e-01
9.776258178688438383e-01
9.248908234893109650e-04
9.994486004947898961e-01
9.978476565095737438e-01
4.057690716833963797e-03
9.999696464192149303e-01
7.760895797358747794e-01
2.663297514810753289e-04
5.532854296765125739e-03
9.996948916537907737e-01
1.277178058269565729e-02
1.609720971161063383e-04
2.580941679511897929e-04
2.104389978760632177e-02
5.124952001241279542e-04
2.059198199342449076e-02
1.748568435871473148e-01
3.488785987117212946e-03
1.198818628040434868e-02
5.815373242333742249e-04
9.999806410204132856e-01
4.629211712684769210e-04
2.687237311524943162e-01
9.857235620057271941e-01
9.999152423581385563e-01
2.811092544495675249e-01
1.503654231480318695e-02
2.638067582378448000e-03
2.179805190927047026e-02
8.787768641562391375e-03
9.925533574193035058e-01
9.997018107441564272e-01
7.722817720448846074e-04
1.350411145326397330e-03
9.953764206436591655e-01
9.999998085843226914e-01
9.994220869414868202e-01
9.999740783441639635e-01
9.997891100893545602e-01
9.961177379272408983e-01
9.999607990545350544e-01
8.968357502792911884e-01
2.881632254994544520e-02
9.968573075636234515e-01
1.165506656704948761e-02
9.998598344896544310e-01
4.968689120604846687e-01
9.951907284993674052e-01
9.996029399589476672e-01
1.686720528645332395e-01
9.997959979330557356e-01
9.999458424753362440e-01
1.545527032838498183e-01
4.574964418883652531e-03
4.251705139507708925e-03
1.238742466552698179e-01
2.938021421395768402e-03
2.915586425920779420e-02
4.881085906049003904e-04
1.632818398331688584e-02
9.980858810426389560e-01
1.200637558172319708e-02
5.024906271791820117e-02
9.999437996560875952e-01
5.043127726708163117e-02
9.144585070675236710e-03
9.999996993112829635e-01
6.545426440736327881e-04
9.451776194772567585e-01
9.989586247731639945e-01
9.999998059929798844e-01
9.999861005743740927e-01
9.996793925056614016e-01
9.999998925638824421e-01
9.906323556360425719e-01
1.005393136198135277e-03
9.999980467145633822e-01
6.704628400549156363e-05
9.830161671598127704e-01
9.871449667170578701e-01
9.989150346784255730e-01
9.999786589061009368e-01
7.760569528918785870e-04
2.160724498521054016e-03
5.697676435241457094e-05
2.664697358635371126e-03
7.511786189844814679e-03
9.796871356303090694e-01
9.999581014500930065e-01
9.984957655918119679e-01
9.999973883729037505e-01
9.999956877948309453e-01
1.419743743947412141e-03
1.399049254142494675e-03
9.801167247174956687e-01
9.999999756832599340e-01
9.970698692553505715e-01
5.011919175540964222e-01
1.053369864410082322e-03
9.862016072636651254e-01
9.999877989922830723e-01
9.999975809933071558e-01
9.963552482648252440e-01
3.015435345068436662e-02
9.890768871324825962e-03
9.975912516036192779e-01
1.581422726280818768e-03
3.336885764394234566e-02
5.177867095504126160e-01
9.408353361738767129e-01
1.032786915430055907e-01
9.992128284015346917e-01
9.999999092071212292e-01
1.004206027342231800e-01
9.990693188139758707e-01
9.997148930511607912e-01
3.847368606526324706e-03
2.723188862267495944e-02
9.814496353747589330e-01
7.485874655630078145e-01
9.999991905766566491e-01
2.169912439262298379e-03
3.699829873283018346e-03
9.795649010072109419e-01
9.760560796618642510e-01
1.126555729068476515e-02
3.397770581649511151e-02
9.985705429572613312e-01
1.177358823830398221e-02
9.999999999934470196e-01
9.999995538417224550e-01
9.999939100129798808e-01
9.798497939920254307e-01
9.994602842888178351e-01
7.884929707537946530e-02
8.520475655775898438e-03
1.275465802657459180e-02
1.986500338319119937e-04
9.463735428375849024e-01
3.235993806339618661e-05
1.517782015027012692e-03
9.308595879223375835e-01
2.892582956020171570e-01
9.987114188176068330e-01
9.999990000936396228e-01
9.999999985289711457e-01
9.998124221777324738e-01
1.819244148819436357e-02
7.891991183941422516e-01
5.173071630491500594e-03
9.999945475379168336e-01
9.989707293311909098e-01
9.973066577674714051e-01
9.999990285289835912e-01
9.999997432810590059e-01
9.577564611876581147e-01
3.262688825724118554e-04
4.508683695118753665e-03
9.998866366014618201e-01
2.706830256905053567e-03
1.144065984985473058e-02
3.644467092658265073e-01
5.981582209675039702e-02
7.482982037434628975e-01
3.769429927476842385e-02
9.999983685233840847e-01
9.999794848419399917e-01
9.989153428917261213e-01
1.411163278648367022e-04
9.916289574332749490e-01
1.828037761138262274e-01
4.250843505065492189e-02
9.761983237133887714e-01
9.819207475054337886e-01
4.340678183458341341e-04
4.419337092698669145e-02
9.867886279740490929e-01
9.999054034866575735e-01
4.330661434616193683e-01
9.988546064559189475e-01
9.998039322766993919e-01
9.999813273342360587e-01
9.999990759599263201e-01
8.345715368056058070e-01
9.997559930833517239e-01
3.112788683241143905e-04
8.292502412792682742e-01
9.997920604386162369e-01
9.998899379741447158e-01
9.970201680104584518e-01
9.998302011200546069e-01
5.650902304944319029e-05
4.637847998482415844e-04
9.020031809076470841e-01
1.538949998137057948e-02
9.999809246356969883e-01
9.999998112438165387e-01
9.785897163323812320e-01
2.793283822414273643e-01
9.911154963336309409e-01
9.996739955904516695e-01
1.338083391784066628e-02
2.757892859123780085e-02
8.943446930587412979e-04
1.118931810336165882e-03
1.451035023916070772e-03
9.354733314566423541e-01
9.963568954601068617e-01
9.999973650343980669e-01
4.486389832770365516e-02
6.235469548408968839e-04
3.661833212863068994e-05
9.968000781266178612e-01
1.019128049277312764e-01
3.958883285707558986e-01
9.999313967092650079e-01
4.986585767278394442e-04
9.999996788601966946e-01
5.969128176832453336e-01
1.241458215197154989e-03
9.993418870110084562e-01
9.999986670785822040e-01
9.999999096831303502e-01
2.194090350150979061e-03
4.307524840406092015e-03
9.242457711051829325e-04
9.998936183656707000e-01
1.149333942138707279e-02
6.382787213974701682e-03
8.294822921916961697e-04
9.995745652726601982e-01
6.307983670150558390e-04
9.886726525506915886e-01
9.990464229100172178e-01
1.591332281743530405e-03
5.753375498676875399e-05
9.989253276209931753e-01
2.083692348708062451e-05
9.860262832615664941e-01
2.326541164937990722e-02
9.970348899575066648e-01
9.995307310798976497e-01
9.999862697046355553e-01
1.345584194534571757e-03
1.608840792551716192e-01
9.998377968804261773e-01
9.933141630551656220e-01
9.998884216620100851e-01
9.999544971156159034e-01
9.999122149729464670e-01
4.744393942943066905e-03
9.999975985750314544e-01
9.995651760430440680e-01
9.997111709513267774e-01
7.730144709185370333e-01
1.624378378673443186e-03
9.076388238148422978e-04
3.980479601068183382e-02
5.857582733353511664e-03
1.441867552644121976e-03
3.606798753232935261e-03
6.236427911869575462e-05
1.502456945917241549e-01
3.628097686065378819e-03
9.999877886155238427e-01
1.070492948937046924e-03
9.437793369567091758e-05
4.176068854567287388e-03
9.984175894348643610e-01
5.901418087084092656e-01
2.875682008376311827e-01
6.946820685970124705e-03
9.913157815207931378e-01
9.999933393083236810e-01
1.213506185728945507e-03
9.176071202451901998e-01
1.925655188498167150e-02
9.997928171077663517e-01
9.960507125945149420e-01
9.999999565048048877e-01
2.927463217418964647e-01
9.974634924236280842e-01
9.999763423092438153e-01
8.222470833730436204e-04
3.151664486026352630e-01
4.015310422653713476e-03
1.921066300143575364e-02
9.797123230953446171e-01
9.999962975464947723e-01
7.821869884119906358e-01
1.603580330468484805e-02
9.997062599848134390e-01
9.984923678601173025e-01
9.978448281954684917e-01
2.774564175831174817e-02
4.686849813804482880e-03
1.999634236624685691e-03
3.809936990908098509e-03
9.996508378245986259e-01
9.999977134383352118e-01
9.966096236692602028e-01
9.991354910683243329e-01
5.823826779360083243e-05
9.999976515270361244e-01
2.667845782580444136e-02
2.227504943081193289e-02
7.288466702658129570e-01
9.999989972343404920e-01
9.855058813538969398e-01
9.972538837813330614e-01
6.548267442853600295e-01
1.407751417900898402e-02
7.403143244376772178e-05
8.644455142579680063e-01
5.759583937510087985e-04
9.861152688704646341e-01
2.070331218945941631e-01
9.837609724543139311e-01
9.999846635574307641e-01
1.605658088500401277e-03
1.268308453119076917e-02
3.367888885004022628e-03
1.981217113160007530e-04
8.972449898037002658e-01
1.749244485117482095e-02
9.999994945612736830e-01
1.819294779814469715e-02
5.489622440234777877e-03
1.226395989188422929e-03
2.059391548085399808e-03
7.822426755484039873e-01
4.303324976160482172e-03
6.870661092331322405e-03
9.999892275286204057e-01
9.999999999590181154e-01
7.644564043195214943e-04
9.963772747450527767e-01
9.994646357248013757e-01
9.999767962006745892e-01
6.414428186694367540e-01
9.999944686989236109e-01
9.999955434040029845e-01
7.381930207084788208e-04
4.221711215750191537e-03
9.956600006134148639e-01
1.196738515753126980e-03
9.991438627069484379e-01
9.995599802636994102e-01
2.294445972545731006e-03
8.352766759206657144e-04
9.999999975129514329e-01
5.122901332340202684e-04
5.445010391185397571e-04
9.998805411334337201e-01
2.934751278421890777e-03
9.979366745759443713e-01
1.702376282198295133e-04
9.649366308497185907e-01
8.232312996167565622e-01
5.712961954254952568e-01
9.999998779907977031e-01
9.804508996557100842e-01
7.770267775719122590e-03
9.990160930769826919e-01
9.814144765393499892e-01
1.882833906635711537e-04
9.927708166880326868e-01
9.996350578832253753e-01
9.901930670817763458e-01
9.965566330682351648e-01
1.313419398648585368e-02
9.494608125077448335e-01
5.084476693889060459e-04
7.275219405227370192e-03
8.752208936222861946e-02
9.997603048325734987e-01
1.121898440635764847e-02
3.349320640362652909e-03
2.059855814460557696e-02
9.223412738222611651e-01
9.999999782012198857e-01
9.922547718783265580e-01
9.996845806010032920e-01
9.910626223662106771e-01
1.706937620014347540e-03
2.418256931656616576e-03
8.413054560570019103e-01
1.746797134925759604e-04
7.198741141636164631e-01
9.911794212878584087e-01
3.231952494224192285e-01
5.451289240835607321e-03
9.998617732050268936e-01
9.999810209529113036e-01
1.186000057564917665e-03
9.989966803337432255e-01
9.999999999734487943e-01
9.994679450927548281e-01
3.948550633661739614e-04
9.999057213818356438e-01
9.945720108713185237e-01
9.998615470771153868e-01
9.949368072085648315e-04
1.197478266720579110e-01
9.970930750989395186e-01
1.352858512627148208e-02
9.999416369315093922e-01
1.965204930400562058e-04
9.982362535996349706e-01
9.975371658559539778e-01
9.937279317081320062e-01
9.999606464105752490e-01
1.724826015397508683e-01
9.956953839132597350e-01
8.574609107836819177e-01
7.684765924667772774e-04
9.999191022421333175e-01
9.990430394786377066e-01
9.089363735312067094e-01
9.999342727215591031e-01
6.298765862520310822e-03
9.993085705394942897e-01
5.288199112462656747e-03
9.999988898372181856e-01
2.558778388579005525e-01
4.985034867689707716e-01
9.808099119864344129e-01
9.628242432567944986e-01
2.897522524406641214e-06
2.360129494484710429e-03
5.755415518961235800e-03
5.321710076423047039e-03
3.485552850000753905e-02
3.712211430965844158e-04
3.180942261499266331e-04
2.751389907891373110e-03
1.812405316130130976e-03
9.441567474085704736e-01
9.982740318345373343e-01
7.050357159959511621e-01
1.751250778989716685e-03
9.996500850393078563e-01
3.468566192354694856e-03
9.977338447722424730e-01
3.427184022230596316e-02
9.999973990400876644e-01
4.050345819454054253e-01
9.999986653554024940e-01
9.240332111489354405e-01
9.807693436541472520e-01
9.999971113075106777e-01
7.841462175552657912e-04
9.084175722442767997e-02
2.458849029886829018e-01
9.216334206063743206e-01
6.072617546767242885e-02
4.451464049208006535e-01
9.837666632578506709e-02
4.183041541234980743e-04
2.872808413552824930e-03
1.080662942793035510e-03
1.246904659669594388e-05
9.999834265786115006e-01
2.353677921491427471e-04
1.136990066935086169e-02
2.456808119001689574e-03
9.828611144619541218e-01
9.793046810954819659e-01
1.107078916775623353e-02
9.999993744209659807e-01
8.718125394068052536e-01
9.999990083572835031e-01
3.490447948987933195e-03
2.326800406174570415e-02
2.607954767958792480e-03
9.909867161753659337e-01
2.149814526020704386e-01
9.967468624163228208e-01
9.722992152365655949e-01
9.958179394631130332e-01
1.032670533594692852e-01
2.449674642220101700e-02
1.448221775378793694e-03
4.873464309149292198e-03
3.996155700987686775e-04
9.748707376066619856e-01
4.792249138639640945e-04
9.961828103036758364e-01
1.057434731620191665e-02
9.055032072885060845e-01
1.204578050104063297e-01
9.999998080285976698e-01
3.410309970960434273e-03
5.514325463869922811e-02
5.676180265932888845e-03
9.998895301542112257e-01
1.346211308769502402e-01
4.774229662083315749e-04
4.660133714021610918e-01
2.464510218298013398e-03
9.958765106469257278e-01
9.883710529161268132e-01
9.999858323692044637e-01
9.173010220125123529e-03
9.913129495470603958e-01
5.409252682691576908e-04
3.608084383143649520e-04
9.999431538318941382e-01
1.835628902600663567e-02
1.451876052802305445e-03
9.988670336106738601e-01
3.615866438136485964e-05
9.848436957672479508e-01
9.126685283561547231e-05
9.997031313736177704e-01
1.788042939103753632e-03
9.999999394540114439e-01
6.094200715558875658e-02
3.175807319710042403e-02
9.922825701561974743e-01
4.656868424370469201e-04
9.995445632479965647e-01
3.746892390504913059e-03
3.431669630659746253e-04
9.969800647973104946e-01
7.791803953137631245e-03
1.050583635815101856e-03
9.999999355134084889e-01
8.310453346073951378e-03
6.783321180081822166e-02
8.202105688430050279e-02
8.823278653951697201e-04
9.967209943609681710e-01
9.994879729492465170e-01
7.431581633631521022e-01
1.432662751011378466e-01
3.075272487179606540e-03
2.138215281731443897e-03
8.313891338353440437e-05
9.998224906656396627e-01
9.999427616698490784e-01
9.999906755340395303e-01
9.996987206013133731e-01
9.999994814800070575e-01
1.607511314163645802e-02
9.999942436827063963e-01
9.999353903867610471e-01
2.213184515822565479e-01
9.999999805851541579e-01
9.988863112751473761e-01
5.887279982288006197e-01
9.998200891105180066e-01
9.061929424067612440e-03
3.607704719938535642e-02
9.999999873384547433e-01
8.915254168964135278e-03
9.869532046462478059e-01
9.999700584493778077e-01
9.634549337548222736e-01
4.198236282449412809e-05
8.170239638722650438e-03
9.997781398762402016e-01
1.124658936946552413e-03
9.999999999275202001e-01
5.214160848595107180e-03
9.592160439417793949e-01
5.612548527433037756e-04
9.988344767727200813e-01
9.999908358982818601e-01
9.975680925688857892e-01
2.561528883629152209e-02
9.999999968564836639e-01
3.480303874606820863e-02
1.749460812235694059e-03
8.774037292328470405e-01
1.086320492818539606e-04
9.999999981271485705e-01
9.720946477738289307e-03
8.019458452187323318e-04
9.999891214698494180e-01
8.742635311020897637e-01
9.999747985863949307e-01
1.971806371540061296e-03
3.434294120152053950e-04
8.163053109428516363e-01
9.915482743204668825e-01
9.973075492774152728e-01
6.335367256780308773e-04
3.566062644315074436e-03
9.830592349770633787e-01
9.999962597331348846e-01
9.999981786659585259e-01
1.079337064226794547e-03
2.772374737076241935e-01
9.994972099866437087e-01
9.999987604470241820e-01
9.991178338106371237e-01
9.985719514939535024e-01
3.072182306019758703e-03
7.552739108806600932e-01
9.627753141823138794e-01
2.807634762300322689e-02
1.746561520964846122e-03
4.590426145811107861e-03
9.999045910626006561e-01
9.966363707526865179e-01
3.208694965264502486e-02
9.383788584491776488e-04
1.997740829623856882e-04
4.236246392119129636e-03
1.323713409277561537e-01
9.999999996806825386e-01
9.999997315976073553e-01
9.993770093133756971e-01
5.864775121668339142e-02
9.999497460027338969e-01
9.999943174780114852e-01
4.625920101371605066e-03
3.540149698983928710e-03
9.999940651400908154e-01
9.995495330498829212e-01
5.408418600899724815e-01
1.310409170376686131e-04
9.971085290880495888e-01
9.373944186491222075e-01
8.026988152923129546e-03
9.819243894259525041e-01
9.997185659921480338e-01
9.980153802336951818e-01
9.692044623307310980e-01
9.999999655422738831e-01
9.992085817535858450e-01
9.994209188693855550e-01
9.999855330998536074e-01
9.999944786467412916e-01
8.805183724741874607e-02
9.999815984362598886e-01
9.989586553951381731e-01
5.135029842336936712e-01
5.341069127229187410e-04
9.908392715589495747e-01
3.117543205366956477e-02
5.683401393382325750e-01
9.997160638087780882e-01
8.313495815391021369e-04
1.887675551667268928e-02
9.986004641533255954e-01
9.998810530660000584e-01
5.276812981136701219e-02
8.916333101062587918e-01
9.104183275032331490e-01
9.756823449231664114e-01
5.214351749465778729e-01
9.872082676426852110e-01
9.999170872952497513e-01
2.771873417412071272e-02
9.998825256509432657e-01
7.725820261034730720e-03
4.117663130063158733e-03
2.761064170400284734e-03
7.613988792997120579e-03
9.999999835115487290e-01
3.590039838078829156e-03
3.543477982963751040e-04
9.971064492405735669e-01
1.810167844100521103e-02
9.984305957339196791e-01
9.999213416876756577e-01
1.037554498065832408e-02
9.998991531402252608e-01
9.428706234978895262e-01
8.772716928684598688e-04
9.991537421158078747e-01
1.547536852027892908e-02
1.036278488562206862e-01
9.999781399878349131e-01
9.999486787134688193e-01
8.369551783600550363e-04
8.796588381606623708e-01
4.972743957575597763e-03
2.945816890222827285e-03
3.526263063128900338e-02
1.156496447810874267e-01
9.991891919740026884e-01
9.999928909692770151e-01
5.108067588600745390e-04
9.999905132318093193e-01
8.909983417087085147e-03
2.785360268947916960e-04
2.158753242869504690e-03
9.999999991226262708e-01
1.762928117398433053e-02
9.999847408240740698e-01
2.536237757345463639e-02
1.403318618660331701e-03
3.828349302567086391e-03
9.060507575659911828e-01
9.999872708452506309e-01
9.995389391084696928e-01
9.833561134123462999e-01
9.999999780325099508e-01
2.440127596230570739e-02
9.999996682280111182e-01
3.491434586443459189e-04
6.681752578211230635e-03
1.451328562053998171e-03
3.677327429484909121e-02
9.977354782629351826e-01
9.883131236569863143e-01
9.393896060577826279e-03
1.982915838976431408e-02
7.886665994017539672e-04
9.999068956830742261e-01
1.965261661827240325e-01
9.997263606198938390e-01
7.810457033879701812e-03
1.479942021760143316e-03
2.176456345369113740e-03
9.999989975531841102e-01
9.999074080928355146e-01
1.529797960913688304e-01
9.999914170719410578e-01
2.556278553336771217e-02
1.105390553777164248e-01
7.329305675957098476e-01
4.830628571390043757e-01
4.625582875947540132e-04
9.999993359767569423e-01
9.989475416907057648e-01
8.218375326553205573e-01
3.472636754132951142e-01
5.569310167487961059e-03
4.784339366505480778e-02
9.998791768991572848e-01
6.162865161408487280e-03
9.916794859664216366e-01
9.352995960140982057e-02
9.998439328823421901e-01
9.772986233123932553e-01
1.480367379823518126e-01
9.999831492552377910e-01
2.742472125040329033e-04
9.997895147299186158e-01
9.996846650585726746e-01
1.775694399966350591e-03
1.026112599480443616e-01
9.997855814316061185e-01
9.082892983644087759e-02
1.193622713935544260e-04
1.028252618098259366e-02
1.552619072485085299e-03
2.906130609283437546e-04
1.164283184114935218e-03
7.946163586408434565e-01
5.745813295707634383e-03
9.890634490796683664e-01
6.502416748523484613e-02
3.650514896760266814e-05
4.921544302601352748e-03
9.999788344562966502e-01
8.606102939162570964e-01
9.764387348619726348e-01
9.985398860388768894e-01
1.139629384891896425e-03
1.828918201523399220e-03
9.953865408468185461e-01
1.290927440775509281e-03
9.909306741858953105e-01
9.927031683449689670e-01
1.146196907577554623e-02
1.456062760237422128e-02
9.991630036837035878e-01
9.909922410073475074e-01
9.926519664440652813e-01
9.999913472447357066e-01
9.999521649977234361e-01
9.997398151156176027e-01
8.530727797673080814e-02
9.988745039892258371e-01
3.223054181064119797e-03
5.892453837984741316e-01
9.947326815729824467e-01
3.579652821787486484e-04
9.607798107078996397e-01
1.003401367947860884e-03
9.999411539422844442e-01
3.473159645306836147e-03
6.104130554934947966e-03
9.689119513379197413e-01
9.999702006135455790e-01
1.768290050733098331e-03
9.988510266945489491e-01
9.989010456453560893e-01
1.051378626810413851e-03
1.091436019080647751e-03
9.986681818730233084e-01
7.144568657487713192e-01
9.985285107363123247e-01
9.927770268528418596e-01
9.999998905105738078e-01
9.472895586259427736e-01
1.667969630872580896e-04
9.996308865943350774e-01
2.341951560951226977e-03
9.999375014753546509e-01
8.728152057413007814e-01
9.998140854287462798e-01
1.630187249493179110e-03
1.155756426333188515e-02
1.898378120411132065e-03
9.891601002735020964e-01
9.948111238271216683e-01
8.706184773763004925e-01
9.956056350396353949e-01
1.021218372850086001e-02
9.999999999938604667e-01
9.863211148813738616e-01
6.566395049849130293e-04
9.999849886224272399e-01
1.659598881105591025e-03
1.333856044259890692e-03
8.674780911540234118e-01
9.998984182399719423e-01
9.999997308081934877e-01
2.500368409660533656e-02
9.982659520965451172e-01
4.584526398689556942e-02
1.318030398576317767e-03
9.984696745814793939e-01
9.999999260901416553e-01
9.666932043325110469e-01
1.983981399667135714e-01
4.484335737817560230e-01
9.886470524228867518e-01
9.332444196682994075e-01
4.914560092963832488e-04
9.999999093499134517e-01
5.517768667654920217e-02
6.920050462844650266e-03
2.803977163407775407e-04
5.440930015462915742e-03
2.844219830350526099e-02
9.999787688859808066e-01
9.999808907277685233e-01
9.999936659183619181e-01
9.999980914105232044e-01
9.994170547548040240e-01
4.464433665231440536e-03
9.706037931984421441e-01
8.362691169373786051e-03
3.312002054503104375e-03
1.337656735009845306e-03
5.755058804803478379e-04
7.302117923103301430e-05
9.929039730064473934e-01
7.189388791421026659e-02
8.215869960446987585e-01
9.810985108629992624e-01
9.994758363078790619e-01
1.146047228524995883e-03
5.055185051480361007e-03
1.483560009079375847e-04
9.999955158279785206e-01
3.490589031184617493e-03
4.393330710066845578e-04
1.316534305053142784e-01
3.799613228534943002e-03
9.999779425136485767e-01
9.944745034116413418e-01
9.951133730870882488e-01
1.161630894979551881e-02
3.878578711526316312e-03
1.620777412351913707e-02
7.098297129658186211e-02
1.674021495588779796e-03
1.803147506986220970e-03
9.999999255319591551e-01
3.406111803211580658e-04
1.624761730674678661e-02
9.998387981822731696e-01
4.451719381942718587e-03
8.369594604346214384e-01
9.753867908490876371e-01
2.778693485808662986e-04
9.999814916318144897e-01
5.725447388959374086e-03
1.148995680595066293e-01
2.728233062744371811e-03
9.906991586219853884e-04
9.770451722973249042e-01
3.864859942154042285e-04
1.806035344457631794e-03
9.095625279288356291e-01
1.637525682133358224e-02
9.999836209377097607e-01
1.021746367987955671e-02
4.737283969508554612e-04
9.998658105854025813e-01
1.105195764789746772e-02
2.054631616065631140e-03
2.736938626670080288e-05
9.999615269194130907e-01
9.999998759110465540e-01
4.925312172092266572e-02
1.694009743846222604e-01
9.999999026656475332e-01
1.234216932684274162e-04
1.184704928222376531e-02
9.998245475418073847e-01
7.870772275146377037e-05
9.706824746614881594e-01
6.657973682129255180e-03
9.999999984250167451e-01
9.999722455898862883e-01
4.015495077654533396e-01
4.712915166687404360e-04
3.174877349895236910e-03
8.261415459207736012e-01
9.999691411661483231e-01
3.681670697996522294e-03
3.294368646186839750e-02
9.839089851958583433e-01
3.229393041680838575e-03
1.186439889448343444e-04
9.891555865641366019e-01
1.764533509596725698e-03
5.626751221240879064e-02
9.999702569399158136e-01
3.067099702154812979e-02
1.834397279052521826e-02
9.382199135559845526e-01
9.068046200552205560e-01
2.935223536840538428e-03
8.232712216167652891e-04
1.143380311462869822e-02
1.009333146785259747e-02
6.406408814446362936e-04
3.235027811299871596e-03
1.891237025686740535e-03
5.182479510163498504e-03
5.176124377933785659e-03
1.875221465959347675e-02
9.999997352436545972e-01
2.791817294675463454e-02
9.032619711110204119e-03
1.135745855902871217e-03
4.765853247507776010e-03
1.518852175296901024e-04
2.911556052984947893e-02
3.150888121830662525e-02
8.824596548555101450e-01
9.928050751628570980e-01
1.677428320149925572e-03
1.939823588357096683e-04
9.998847133025974276e-01
9.991339967346668516e-01
1.706697209580544938e-01
9.999884761773132347e-01
4.092784087704063878e-01
2.393770908358367616e-02
3.082411196861816610e-02
5.326043967625134455e-03
9.903991198142861885e-01
1.238625446265527028e-05
9.238133587002025427e-05
1.211936044734904933e-02
8.081092082677658606e-02
4.085871856294030942e-03
9.986922094810443129e-01
1.115178997424505708e-03
3.699577622980975561e-02
5.193637431662441462e-02
9.433131666866274578e-01
4.563093350785063160e-03
6.094759971685368427e-01
4.950924464861883355e-04
9.985805755943735207e-01
9.292954437518765598e-01
1.391148499030911033e-03
5.575873728590285267e-02
9.987008089060834815e-01
9.999999998547317581e-01
1.407741867040940009e-01
9.452041719232098793e-03
3.466953180669524737e-01
8.285524792041065734e-01
9.511813338369268234e-01
9.992842647182207383e-01
4.330022530418580146e-04
9.999656771397404942e-01
1.019159763795165069e-01
1.609044036907389917e-03
3.932476412417947875e-01
3.005447877957371783e-01
9.999994160744000160e-01
4.291442882758632164e-03
9.516803696353506314e-01
7.156107505093160098e-03
9.999930809169023105e-01
9.761635878909603577e-04
9.988859256275509635e-01
9.981890665492997305e-01
7.122436583359372311e-03
3.681023822581772943e-04
9.842289397487339331e-01
9.812761217065809616e-01
9.996305737583865980e-01
1.884813578061484687e-03
5.238200869781608482e-01
3.416309756062107204e-04
9.999996788500099543e-01
9.999999621748733025e-01
9.986838153948479624e-01
2.094838772435991814e-03
8.971205958600886321e-01
6.423865056541685353e-03
9.997057435922513946e-01
9.954994871731729367e-01
9.834505732412357482e-01
6.143108157365971822e-01
1.140815589154578821e-04
1.225688139708661691e-03
9.999288861342993107e-01
9.986329405826886996e-01
7.285301854646822894e-01
9.999543958655107145e-01
9.988423978264717729e-01
3.333154248306901407e-02
4.585588985322774369e-01
9.997156744635071757e-01
9.996362786170783776e-01
9.436138301278681473e-01
9.999998860197468753e-01
1.397782298891460384e-01
9.999972576098582477e-01
4.373340929695216928e-01
3.826083369907468243e-04
9.993279190662033296e-01
5.944006561051914722e-04
3.118189803787598381e-04
2.551506584416097807e-03
7.011997709055107662e-04
4.796436444409594470e-03
9.999999871975101540e-01
9.937322573367770584e-01
2.507245231257013152e-02
3.075709648612286044e-05
9.556054302432110958e-01
4.131629849219512624e-02
1.044383619805926275e-03
8.033723376277047690e-01
9.815733982350939302e-01
8.667380362528296148e-03
2.032913146322934742e-04
9.999984105547922164e-01
9.990187050030963078e-01
9.844508751326839224e-01
3.066910459115015364e-01
1.287005414268853083e-03
9.982081022753456212e-01
4.273278465707366046e-03
1.386466430938565302e-02
4.730846417393467368e-02
9.937106750720939852e-01
1.461251264424570130e-02
4.375180376540981769e-03
9.590828875448750290e-01
6.843164812622629101e-02
8.426704303071617637e-04
9.827844391079397779e-01
9.995703852329469452e-01
9.923312168367028896e-01
1.493473849458272149e-02
8.200072944584660961e-01
2.034104450687655393e-04
9.994262662287964893e-01
9.999848159356170552e-01
1.577486068332741714e-02
4.101108914089715562e-02
9.993496085690433128e-01
4.590845610270959283e-03
3.397951031712627412e-02
7.816064864935735185e-04
1.309981767750112991e-01
9.310926820431028039e-01
9.993951977976481826e-01
9.999001583026069229e-01
9.998597951788915639e-01
9.957102335113914293e-01
1.400719110731285608e-03
1.153151348235347071e-03
9.999949438990390904e-01
7.930538304167194900e-04
2.044612541895119567e-02
9.969816442051815386e-01
9.999981276735603331e-01
8.483053195353242428e-04
6.944765005465604411e-04
1.728505795294426640e-03
9.999803387875542127e-01
1.207585343925402215e-03
4.883867779933781040e-04
8.557627668436739929e-04
9.982220399315860915e-01
4.532306951325363806e-03
9.959775673064814594e-01
9.975212120658458748e-01
1.328684096803166943e-03
6.508190395358373279e-03
9.999999012901203965e-01
9.999999999999902300e-01
9.994870178946531070e-01
1.456330501912553223e-03
9.999419678835341774e-01
9.997681819535201297e-01
1.072183280535470929e-03
4.069437494230608229e-03
5.173320936812732772e-03
9.999969180509948874e-01
1.616835261939143092e-02
9.999999996931703272e-01
9.984301055202186026e-01
9.999954139332560832e-01
9.999782496289042477e-01
6.538897960058168701e-01
2.684328154814166409e-04
7.904493211171634837e-01
3.917404995205945456e-02
9.999406055576938179e-01
1.760460381055558785e-03
6.942339104038025219e-03
1.826696109815221635e-03
9.991458987024995908e-01
9.999000134033128040e-01
9.999999520029304589e-01
3.988281042679925662e-04
9.766275013108742797e-01
3.324517401040683658e-03
1.105285174336552018e-01
5.170143064773674579e-02
1.215103982305319589e-04
9.740291718221454412e-04
9.907158451328341719e-01
1.600591588195716258e-02
9.207880127429426409e-01
9.972037037807549575e-01
9.999735974594656795e-01
4.641626069479509210e-03
9.744074757945458964e-01
9.624039074964261253e-01
1.683630873123716210e-04
1.188707361564458193e-02
1.569744125829637682e-01
9.996103636831561445e-01
9.985268024978742885e-01
9.681190650711902768e-01
9.999833123964618764e-01
7.364401887294912130e-02
3.020875872357883796e-02
3.120525124764703855e-04
9.999011668887625159e-01
9.673232455808492437e-04
9.999998177780721198e-01
9.999999982578198221e-01
9.914292522811747332e-01
