0.000000000000000000e+00
1.191794496827151930e-06
1.191794496827151930e-06
1.191794496827151930e-06
9.318998570615732177e-04
9.308190656487232671e-04
9.366994877860429329e-04
9.499608170985015089e-04
9.307297401567161217e-04
1.370437897174839803e-03
2.906403599196909649e-03
2.360058228630598776e-03
1.843907562828556862e-02
2.646597264683219625e-02
-3.353449861055836367e-02
-1.394462675340244970e-02
2.351988015961851280e-02
8.808095198732013298e-02
8.286842644710581962e-02
8.342172655188599684e-02
5.489796930613622533e-02
2.201854288432476131e-02
1.890247547839000661e-02
2.121482139435596631e-02
1.242356545545861453e-02
3.678071215327490678e-02
2.824245591557922319e-02
4.404847582243404840e-05
0.000000000000000000e+00
1.191794496827151930e-06
1.191794496827151930e-06
1.191794496827151930e-06
9.307819513804718985e-04
9.335849301554514663e-04
1.160666090665027654e-03
1.020269228551640584e-03
1.059241003755914895e-03
2.090486101310582226e-03
4.051634608323377920e-03
1.288963942006800256e-02
6.944278839124934377e-02
7.277342780752776852e-02
5.355491002195959110e-02
1.118048541433170340e-01
1.316634555935069784e-01
1.000952987075753864e-01
7.911412279946103410e-02
1.085160451581403396e-01
1.116692877523179223e-01
4.030814801685101562e-02
5.563837210657292254e-02
6.687964327841265655e-02
-2.109788659812308984e-03
3.039410114837490587e-02
1.623607091736272226e-02
-1.909209606693498124e-02
0.000000000000000000e+00
1.191794496827151930e-06
1.191794496827151930e-06
1.191794496827151930e-06
9.427166672396064670e-04
1.170664509048748112e-03
1.162548823306077620e-03
1.228740581594728841e-03
1.736728445981492504e-03
2.654274000946545663e-03
3.956335035202701925e-03
1.468054293020373130e-02
6.672217745863735783e-02
1.088025146445680685e-01
1.148071111305300623e-01
1.146644617350874584e-01
1.320465065654190251e-01
1.651612895082915922e-01
1.243565411779512242e-01
7.810656986836511662e-02
1.939209451033115650e-01
1.390693573815261486e-01
1.427929656506859712e-01
1.321525186319968126e-01
6.577136755655313416e-02
1.153492849023929866e-02
-2.084041683114287811e-03
9.396686946562478370e-04
2.092452444266248023e-06
3.284246941093402917e-06
3.284246941093402917e-06
4.092415881818802837e-05
1.104933185131527296e-03
9.710393873629408071e-04
1.117745911902863834e-03
1.570149051779490485e-03
2.344733680844288820e-03
5.285036755251301503e-03
8.680303940902312984e-03
2.161419342341378350e-02
7.928387628121166819e-02
1.095911393754468305e-01
1.160404062289638188e-01
5.217277051345097644e-02
7.386056038112179256e-02
1.565078855606816532e-01
1.439760077694163254e-01
1.030772441568699599e-01
9.747426604235533143e-02
1.752734148473635012e-01
1.747430900351651661e-01
1.720095504598272984e-01
1.324091231203346208e-01
3.795668594476011432e-02
-9.747269104205450937e-03
5.364313821888466033e-03
1.466907873570396943e-05
3.284246941093402917e-06
1.459416717025811475e-05
1.873532171582528261e-04
1.101298348178063975e-03
9.740273615259857198e-04
1.075823976135926053e-03
1.441012625612872683e-03
1.946256952550645290e-03
7.983896150252810936e-03
1.646428410167791179e-02
2.733489311264097193e-02
8.375562300826476514e-02
1.568787707338820114e-01
6.206040422125917722e-02
1.203538431088129693e-03
-1.231670654880258897e-01
-1.288687871387440842e-01
-1.320002588268599508e-01
9.850616112797423718e-03
8.703365910853642917e-02
1.804008952805744581e-01
1.893617386089214705e-01
1.230315073465551579e-01
7.280111678425060795e-02
1.014939920732079587e-02
-3.646819799161792660e-03
-2.865933718829000425e-03
-1.532195953752571633e-04
-1.503999773416214323e-04
-5.257008899648719507e-05
-6.821830490270688772e-06
9.699680627624142782e-04
7.870747155617371623e-04
9.268567792120655218e-04
9.099638288101127327e-04
2.176227824007168250e-03
4.852331551553267126e-03
2.301309867004113288e-02
4.376756209879496817e-02
9.981562034217877910e-02
1.405169746023607336e-01
2.242533369556615891e-02
-4.780744805001198305e-02
-1.160982123842257269e-01
-2.026077919626973756e-01
-2.648219753521763309e-01
-3.817444055967624764e-03
2.219735517030433092e-01
2.366958234104903636e-01
2.809543887081649149e-01
2.744558506280685983e-01
2.481259590939065285e-01
8.666691996422204447e-02
-7.981566043219753825e-02
-3.226570711867567803e-02
-1.019234211539271417e-04
-4.751098994109583700e-05
5.440699642667719239e-05
-1.700222277892698340e-05
1.067311682457978408e-03
5.648557927670766607e-04
9.002105766046443773e-04
9.945485182556136009e-04
-5.953974427368384070e-04
8.814919549493004103e-03
2.342324752017533110e-02
3.571120669537467679e-02
1.267108250487085086e-01
2.143937672054440913e-01
1.617288049250573123e-01
1.024813460378654201e-01
-1.547793011325729051e-01
-2.657033666660021942e-01
-3.633401142195015199e-01
-2.070507198609917998e-01
1.852276391146041035e-01
3.030064526548672532e-01
2.649204611058609826e-01
1.679792153520335563e-01
2.390510410662445018e-01
2.101458247185179484e-01
-1.259849417170379737e-01
-2.897214074892742741e-02
4.244240491024656517e-05
5.534514628338647234e-05
-2.568546712276902825e-04
-3.407159846330777694e-04
4.584245691861478945e-04
1.106476756523037258e-03
4.707728563958402546e-04
1.633517813607078322e-03
-6.934031789555152384e-03
-4.431684052845791949e-03
9.980499495653801303e-03
6.301314176992647842e-02
2.122511055276803948e-01
3.842502285854339505e-01
5.514521451819598408e-01
-1.009923318501173943e-02
-1.238163037082312262e-01
-2.943123578341748092e-01
-4.700936968073041178e-01
-6.683081224526502551e-01
-9.836217006613282021e-02
2.623762464859276666e-01
2.093269982423429931e-01
1.067776554687612095e-01
1.451504947855963845e-01
3.499087996501906717e-02
-5.938973465814862546e-03
-2.736460498666901803e-02
2.135949259184415300e-04
3.240919986928654777e-04
-1.461163807539369794e-02
-3.010299748506192492e-03
5.573475576798801907e-03
-2.175165170612090707e-04
-1.070946125112909840e-02
1.873792574168065298e-03
-6.842486798825204823e-03
-3.042246187033698437e-02
2.522439431004124683e-02
4.541653121697424023e-02
1.603762058543382607e-01
3.842578621462325317e-01
5.134810704941684678e-01
4.667613092470455083e-01
-3.862998867545437975e-01
-5.770480051500352925e-01
-2.970965983016262690e-01
4.201984612323903662e-02
1.859596422143423855e-01
1.772551640527107730e-01
1.409148513119150292e-01
2.295855703479907084e-02
-5.112277654546653477e-02
2.169455685091260799e-01
3.413452518713246397e-01
6.484755354743076960e-02
-2.211661445933323734e-05
-4.348573515892894918e-03
-1.225376662658352392e-02
-1.712335280884428115e-02
-1.040689696400031242e-02
-1.029797138609460372e-02
-1.226310636653724952e-02
-3.887569381507650912e-02
-3.544396597252206377e-02
7.687759515162320700e-02
3.796943299581273523e-02
-7.023399635176993082e-03
3.023749282678501737e-01
2.250867363374967900e-01
2.324465545834886182e-01
2.674179802719522936e-01
-5.176705779979231536e-01
-8.922025502161629040e-01
-4.727898153962394323e-01
1.693132821655566056e-01
2.852681341672888005e-01
3.701622940183472155e-01
1.219211566604605362e-01
-2.988704373343277765e-01
-1.183859502014578402e-01
-1.456215230344305722e-01
1.420270017911387517e-01
1.728701654309225122e-01
1.289793294326279727e-03
-6.758914898401674476e-02
-5.318277611719698927e-02
-2.689330675328309092e-02
-4.544459288091464572e-02
-2.711538995313948330e-03
9.304569526497129262e-03
4.376302109764503706e-02
7.706835315763353733e-02
3.286451731582597149e-03
3.549972198012515956e-02
-1.937069556348016419e-01
-1.029841410394079226e-01
1.952035458995575457e-01
-2.220564924104443116e-01
-1.868598066647802480e-01
-6.328815903378130769e-02
-4.584219633846126629e-01
-1.462131167074304239e-01
1.571103732951419085e-01
3.737566515110121168e-01
3.703676199664705515e-01
9.572531976192487357e-02
-2.314851957296106544e-01
2.500169168840070677e-01
-2.309871594632865177e-01
-3.388436476589011537e-02
3.812463204840408904e-01
-1.251401838157429605e-03
-7.299286306158249416e-02
-5.561309937368215384e-02
-6.303235659637936028e-02
-5.895451479533606043e-02
4.034768873885053592e-02
2.412656657218840428e-01
3.933155027601090148e-01
2.274542261751940908e-01
-1.438630893878009749e-02
-1.706677592940566424e-01
-5.702102421776634733e-01
-1.904787646463647621e-01
-3.533278102411741700e-02
-1.049849503350626205e-02
-1.085637868189031491e-01
-8.632180798098999797e-03
-6.953327154933451604e-02
-2.395305020861895617e-01
2.157066149547294531e-01
1.605892017579330922e-01
2.739657606330853645e-01
3.096541794494866301e-02
8.958796394828316689e-02
1.437376550011014720e-01
-2.426540263998776259e-01
-2.771284098341073032e-01
3.760609995807590589e-01
4.907709157172298296e-03
-2.555425375903440724e-02
-8.849668886357901776e-02
-2.086997900382634996e-01
-1.322052186770568127e-01
2.057135815719141891e-01
6.445615096885546347e-01
4.831625606459334921e-01
-3.017131933584724438e-02
-2.579502215928873854e-01
-2.264441426700765092e-01
1.363674156311552033e-01
-1.409091977015649311e-01
-1.006204620103872960e-01
-1.243807140703183933e-01
-2.202999689890185187e-01
-1.087842332555635921e-01
-2.693721818041626137e-01
-2.746318396638227632e-01
-2.708630825547246324e-01
-6.463734772588776434e-02
-1.370543238563951861e-02
-9.610527400259677444e-02
2.436326035926134753e-02
1.091771750293365484e-01
-1.891176745873826004e-01
-3.921932872008853099e-01
-2.168326236297743806e-02
1.241059397513619572e-01
2.607160530992489421e-03
-2.522383388369367485e-01
-4.629194187826641271e-01
-2.671529715647086856e-01
8.518024595673319155e-01
5.722386772411937050e-01
5.303792683538325475e-02
-2.213257571835665072e-01
-2.296781253196819861e-01
-4.726893536039845911e-02
-1.585977733125475408e-01
-2.617361634671054316e-01
-2.322090533815308611e-01
-2.294170127336421228e-01
-1.884835181505926105e-01
-1.730304269814155749e-01
-1.681383876784554587e-01
-1.371423229157356649e-01
-2.213266730023007445e-01
-1.615289697316659723e-01
-2.575800821114064831e-01
-2.294702887899026933e-01
-1.600753437750195574e-01
-3.291482034630703879e-01
-3.772296641066400502e-01
-7.364940836107304323e-01
-2.811451292448894912e-01
2.777119449745816260e-01
-9.770855518170226683e-02
-4.120493637739254811e-01
-3.984154771132181194e-01
-7.761712774293422212e-02
1.323390142604444986e+00
6.685422948271362298e-01
2.691367880984734673e-01
-9.769829236072223588e-02
8.473842784880976711e-03
-9.127946607147104097e-02
-5.100484831837684974e-01
6.118059922353953628e-02
-1.944712643955144871e-01
-3.189917621567407990e-01
-8.918030485224807957e-02
-3.876268645940932345e-01
-2.124843675308379920e-02
7.151994457181937116e-04
-1.215275083957967905e-01
2.008629096546475923e-01
-6.674090812453889465e-02
1.040504132265863135e-01
-1.659704723239390223e-01
-4.754091867098172441e-01
-7.803730798535410962e-01
-6.843290484350865732e-01
-2.815192411881886625e-01
5.616518899390054304e-02
-7.747312903011294161e-02
-4.921416207200022819e-01
-5.757562782378066180e-01
-1.890133253213279255e-02
1.104735153935532788e+00
5.909044625448263144e-01
3.406648696547125432e-01
3.323751567822423869e-01
-8.848318339620225154e-03
-3.377233531183181092e-02
-2.475611397584563667e-01
-7.574699070780009647e-02
1.738826747486890700e-02
-1.558799328649740634e-01
-2.446143435601459415e-01
-1.593766930765209422e-01
-1.137468729810400900e-03
-5.675802150884231428e-02
2.775941372701918874e-01
2.098236426718131931e-01
6.719568757927571467e-02
1.277876974809259436e-01
-8.744270175521351440e-02
-4.137578512189658553e-01
-5.690260914081781696e-01
-4.173146763062836606e-01
1.051502761643951928e-01
-2.889440210317085755e-01
-2.293187771087130955e-01
-3.623079770094529417e-01
-6.464915883862492052e-01
3.804504689524330907e-02
1.180391412994546529e+00
9.120787402224477258e-01
6.882810812929762712e-01
4.239459165181084788e-01
2.526346166787934999e-02
-2.522505730163127624e-01
-7.949058151888642454e-02
-4.333418870616215918e-02
-1.369481423351701643e-01
-4.312597764516638843e-02
-1.500245870177469298e-01
-5.388418280878577715e-02
-2.559748908522737065e-01
2.354172084108925936e-02
7.378855672151948819e-02
1.146850582702330229e-01
-5.059112937359424439e-02
3.260179916990547655e-01
1.419132431413885620e-01
-1.874907513410847271e-01
-2.025458720068875618e-01
-2.689533803752485949e-02
3.886589132700841824e-04
-1.484423926749915135e-01
-6.301550081047073947e-03
-7.614647153610881736e-01
-6.265270566492666671e-01
1.494228724706067046e-01
7.903212864217289413e-01
6.200489517531746486e-01
5.470267057496445151e-01
2.356385264911611266e-01
-1.150223400280300963e-02
-2.192257341356945999e-01
-3.615169952245838592e-01
-1.861784105951624635e-01
-1.012635905059436070e-01
2.032965862912645416e-01
-4.986138131562099784e-02
-1.547516403098507520e-01
-1.942004114624999722e-01
7.692024512397124814e-02
1.301900331470772498e-01
-1.011135735303822086e-01
6.483106581820136972e-03
1.871408732355900884e-01
2.392522852513558340e-01
2.677045064338201552e-01
4.144374074354388315e-01
1.693442572345175146e-01
1.818965323004338719e-01
-1.882734509100366660e-01
-3.262193606073264807e-01
-5.707573816663096267e-01
-3.622763247851996660e-01
1.236586430643262235e-01
5.141514878189319404e-01
5.592045502440912141e-01
3.534186496438360692e-01
2.119362310392720883e-01
-6.380749923165654480e-02
-1.628942060317761509e-01
-1.155241852466829394e-01
-3.408401294887341421e-02
-1.761473510217266558e-01
4.665448861174392031e-02
-5.867933302057230793e-02
5.037673186884453896e-02
1.443784940842565701e-01
-6.189970690389697688e-02
-1.675747763708682336e-01
-1.022090151763557081e-01
2.225048523221872729e-02
2.937720080975989023e-01
6.941453428141398929e-02
7.869744961575174391e-02
5.583972921034517922e-01
-6.892577570262557740e-02
-2.267378660361210885e-01
4.660611380061314979e-02
2.331574574929584295e-02
-1.800580693731842208e-01
4.543255963168021938e-02
1.687312093448591066e-01
8.630828513393766777e-01
4.538205931815888494e-01
2.648618653908064169e-01
8.652510790301505550e-02
-2.175025375596238361e-02
1.178825563771500468e-01
1.230826152282739894e-01
8.230288212419493987e-02
-8.748829148181516691e-02
-3.043178145925467051e-02
-2.783630127760196027e-01
-1.571877561248563870e-01
-3.465769241753119401e-01
-1.845370160228294310e-01
-1.805521708983612028e-01
-1.327343681145801146e-01
-1.080267453455592414e-01
6.733181848221617485e-03
1.255204406453787613e-01
2.096686383206416704e-01
7.493375071654627684e-01
-1.935295503626724145e-01
-6.829921640986471587e-01
-1.479141108213027356e-01
-1.231850595163048179e-01
-9.563430011028381528e-02
-9.567252247588674263e-02
-4.534064664384638427e-03
3.908168982618263620e-01
2.991680111823420973e-01
3.570577559459948147e-01
1.507364374238043814e-01
2.255637579125411574e-01
1.033718620771207491e-01
1.627548939115446847e-01
3.118951169188430989e-02
7.211471484373808971e-03
-1.227819981156080820e-01
-1.722567839102672749e-01
-2.098056732267126745e-01
-7.953037884444256189e-01
-5.777800814229212545e-01
-4.974317159371824393e-01
-1.314653011325465359e-01
1.137156623833972535e-01
-5.067247021721134857e-03
1.435468026587650991e-01
2.172692836979921716e-01
6.392130201700341186e-01
-1.334019709268665088e-01
-5.513920480960395887e-01
-8.356633985805643483e-02
-1.359160256483745166e-01
-1.613711067007914945e-01
-8.900458620530311837e-02
1.844927200253769083e-04
1.985867276444094331e-01
3.546590273338390276e-01
3.076623229656333947e-01
2.054157137296006019e-01
1.675887122035077670e-01
2.186608739722212258e-01
1.647858549807184325e-01
2.288685182159182208e-01
1.359641604149246230e-01
5.804229381392238957e-02
-3.798573167660398292e-02
-1.873883729547008992e-01
-4.056795896544697633e-01
-5.016788520252936090e-01
-5.734383312218206408e-01
-1.744102217597297000e-01
1.561082823005419118e-01
1.413542699358302512e-01
1.811278474837639818e-01
3.174362962089554707e-01
4.399948995210740676e-01
-2.001714192190347519e-01
-2.775660735786436573e-01
8.276536005675508290e-02
-1.996918291362057354e-02
-9.238167659662419040e-02
-8.044801924143207827e-02
7.265840281213204604e-03
1.876357422092286842e-01
2.678048954210492383e-01
3.534401006505503151e-01
2.313262031083907766e-01
1.103867778249129905e-01
9.609630574727934249e-02
-4.213024442969202227e-02
4.858479793852190504e-02
1.173697780988192801e-01
-4.973731765747539668e-02
-1.801830012872251696e-01
-3.009132277562361346e-01
-4.415066843302227761e-01
-3.774260924605520318e-01
-2.343225329820248504e-01
-6.380140609764224646e-02
-1.820917816322754207e-02
3.950724712516737180e-02
1.802984788786176351e-01
2.511612206386778512e-01
4.367092349480359292e-01
-3.941966309714686756e-02
-7.526555362280906714e-02
3.319339491613631371e-02
1.418498022949312987e-01
5.589261036051936665e-02
1.173877583703109191e-02
7.176198140406674086e-02
1.319650450968147815e-01
1.569201157894143939e-01
2.132941539423608701e-01
1.666534885339290839e-01
1.469060996746161252e-01
2.095646401020659910e-01
1.935662988934267470e-01
1.074958519430230519e-01
6.253198494873439539e-02
8.238454250137434987e-02
5.728003208557921888e-02
-9.002354823065912559e-02
-1.642044564346446522e-01
2.414055381122265365e-02
-6.352387825969629809e-02
-3.741071528248661460e-02
-2.106924826483420540e-02
9.658116021523874273e-02
2.084800365457287474e-01
2.804017311083804032e-01
4.041274252393060595e-01
7.253718184132144919e-02
-1.317373243898234056e-02
-2.387354080098540166e-02
1.912070605675935883e-02
1.097836323898257888e-01
1.494128389249787525e-01
1.402833865046597128e-01
1.942100310524880191e-01
1.826959156811170659e-01
2.279856748782330966e-01
2.343322379145441059e-01
2.474137711677928120e-01
1.854342300889590400e-01
1.950669118919073075e-01
6.993293322142675461e-02
7.652152346863617949e-02
1.257274531274887031e-01
-4.401721434979434132e-04
-1.441773504200447031e-01
-1.289806437754027479e-01
-9.398629689298874934e-02
-9.148052954182364638e-02
-3.744778222274961627e-02
1.251965106032771301e-02
6.397360447520103466e-02
9.909951937851604886e-02
2.011619241231124566e-01
2.310751561734770421e-01
8.982097680509179560e-02
8.035559446737342709e-03
4.089748755705853445e-02
4.226169779705705315e-02
2.442415174307545692e-02
3.521603357914347004e-02
6.139920871747227282e-02
9.939652504576788894e-02
1.317392614246275240e-01
1.804134515298611574e-01
2.129490938905331809e-01
2.320116544395406932e-01
2.637965380534258997e-01
1.898521190901724665e-01
1.583261985625158408e-01
1.686901812271203172e-01
1.396279630955064577e-01
-1.560149878154109583e-02
-1.001678275738345641e-01
-6.770150688418809237e-02
-8.912465088043662262e-03
3.889511672473495996e-02
2.408348757516080504e-02
6.690453129461258752e-02
8.564869642526119764e-02
8.363088006565387589e-02
7.338793633868276323e-02
1.144019506837146150e-01
7.471133433042764782e-02
1.708794838708768910e-03
1.632917376307809615e-02
5.188027455791852788e-02
7.767348823593681062e-02
9.320309662019810037e-02
1.221772485970037264e-01
1.510459465263407630e-01
1.451169194431763121e-01
2.087567204792984410e-01
2.430212625022925288e-01
2.407002457420858166e-01
2.413129784474331851e-01
2.191845370648620728e-01
2.064219858565257137e-01
2.582851205949471263e-01
1.143383068572580707e-01
1.811941815839804987e-02
3.297908466386562792e-02
8.198839552001964404e-02
9.700139423367092062e-02
9.558030977999444622e-02
1.201229420121796981e-01
9.389913262494105350e-02
1.104276462959862953e-01
9.555452928462040973e-02
1.129967984283666710e-01
1.173828361128404218e-01
6.399969111113576470e-02
6.204437581060585211e-03
1.029391073839072386e-03
3.930481794522247031e-03
9.127910109020668725e-03
1.640572783013932723e-02
3.168456784555113981e-02
5.384359538019733299e-02
6.157761452793757140e-02
9.318029624419220391e-02
1.285510093691740741e-01
1.557985614080071857e-01
1.863239240459280133e-01
1.871395263485877702e-01
1.689478715984708557e-01
9.655056500618994231e-02
3.453020352792896680e-02
2.249939861733391347e-02
7.519710088555848181e-03
4.225820560547956239e-02
7.324909569041022916e-02
6.051157130608245116e-02
6.881875217060964833e-02
5.102833135620291061e-02
5.920216081784486495e-02
4.216594137158601041e-02
4.029709457443108461e-02
2.849040060404636060e-02
2.684476641443441988e-02
2.023323197685808310e-03
2.199638261742331569e+00
