0.000000000000000000e+00
7.291474689089366600e-06
7.291474689089366600e-06
7.291474689089366600e-06
1.013303060699135248e-02
1.012995363877511670e-02
1.015271838329442726e-02
1.094653747327569392e-02
1.012941029850319627e-02
2.219470161967073297e-03
7.415333552156814709e-03
4.240225490679654270e-03
1.740552635692632980e-02
2.084986060076487319e-02
-5.130958938976471623e-02
-3.874193841704699770e-02
8.570834886827871819e-04
5.875667410672572727e-02
5.646876463033388693e-02
4.808522297514503802e-02
4.323821978303907937e-02
1.360461732733498318e-02
1.204820701711951936e-02
1.293076582526844071e-02
1.280901925176880507e-02
4.340032180949728036e-02
3.027121073545427712e-02
1.197780020941556229e-04
0.000000000000000000e+00
7.291474689089366600e-06
7.291474689089366600e-06
7.291474689089366600e-06
1.012979577564223146e-02
1.014389603065693826e-02
1.115994341015361926e-03
1.185036289277684261e-03
8.665961819506184938e-04
1.477112982964619899e-03
5.410373574735906875e-03
1.234854892097039629e-02
5.205634196995105600e-02
4.348410581611868858e-02
2.644259634792733848e-02
6.559104182014377504e-02
6.569950590212156327e-02
3.691534975954215841e-02
1.881338866747137711e-02
5.067103296746212210e-02
5.041997036459509168e-02
1.105851606487831366e-02
2.229251409977499668e-02
2.967783931633039690e-02
-2.740916849383619874e-02
3.973021521565052623e-03
2.468983852899661602e-03
-3.451045038579603902e-02
0.000000000000000000e+00
7.291474689089366600e-06
7.291474689089366600e-06
7.291474689089366600e-06
1.018212771014157490e-02
1.164153726215036476e-03
1.128842642894758389e-03
1.154445169842884152e-03
9.881979182677978583e-04
1.262591842668423295e-03
1.572888569302791258e-03
1.582654089056070856e-02
4.663106709213692136e-02
5.269301875768534621e-02
5.733085271926013915e-02
5.534269762732650644e-02
7.027328640100342916e-02
9.124863501049139403e-02
6.003817302303533082e-02
3.834976770654806300e-02
1.154245253202984406e-01
8.920696652934878568e-02
9.096670512293293653e-02
8.476303701342639829e-02
3.411623874741347845e-02
-9.368781974048783975e-03
-6.884074770370357359e-03
1.051633985420831908e-03
3.130187563733263887e-05
1.932121513010350003e-05
1.932121513010350003e-05
1.483031212787949693e-04
1.945106858669208702e-03
1.030880460516900472e-02
1.405546468644182628e-03
1.153880946746523983e-03
1.234688902456690602e-03
3.636902589901388604e-03
8.297428470665458786e-03
2.023943860142631349e-02
5.141633193888735243e-02
5.495240890718078308e-02
5.266188060235839352e-02
8.885720753003820485e-03
2.599171330874275321e-02
9.173353426322786164e-02
7.997153613628636692e-02
5.208521401578341398e-02
4.897701176606986812e-02
1.121250884468392023e-01
1.065097108263413361e-01
1.273887896850151025e-01
1.070438742350529882e-01
3.765973546582902787e-02
-7.627747426325056680e-03
8.039399441361554099e-03
5.449893065895319291e-04
1.932121513010350003e-05
1.965718346869700802e-04
1.402375819159721476e-04
1.940845029119038197e-03
2.144542201750942491e-03
6.634232543480480561e-04
1.254415149597431708e-03
1.555720725712513540e-03
2.512903770605478225e-03
1.315744717517975879e-02
1.938886780008628949e-02
5.237441404818848900e-02
8.589172608935179143e-02
5.970196242452633154e-03
-4.356053053761966415e-02
-1.331378598087228082e-01
-1.299211814113948593e-01
-1.360548821119222096e-01
-2.198112978490461208e-02
5.782096574144113266e-02
1.383388713764777400e-01
1.410760821228288775e-01
6.756137880026480413e-02
1.944005183362108174e-02
-3.518030355073115123e-02
-9.839014147851505437e-03
-1.999140824070133257e-03
-5.349938065500344127e-03
-2.439575531847636061e-03
-3.705309271498257633e-04
-2.091863327764950935e-04
1.163299052727331849e-03
3.264823107257203150e-03
1.045812749749211413e-03
6.022365407360277031e-04
2.910187185841763046e-04
2.503839769458763090e-03
2.568648674262089329e-02
2.963061213612280809e-02
6.431174063038977429e-02
7.985758155227642985e-02
-4.296988033690937042e-02
-6.810214539586618987e-02
-8.985332540152010661e-02
-1.717130005862260445e-01
-2.629645451218824981e-01
-5.338791161012298309e-02
1.467800654788727899e-01
1.647004135556393856e-01
1.536896661660208940e-01
1.553844572326552320e-01
2.090289095103005645e-01
6.056506763023913886e-02
-7.308337047216315052e-02
-2.864560048496693490e-02
-2.196096124867894482e-03
-3.591766059420167280e-04
-4.099776197339921331e-05
-2.361508078627739583e-04
1.084884452774367847e-03
1.021825052698604238e-03
9.108697207795831557e-03
2.870283928559437623e-03
-1.613395135556174248e-03
9.078116200965139285e-03
1.929380786875587242e-02
1.236390661106167785e-02
7.028152246768636091e-02
1.476341234439251249e-01
1.300638681609887215e-01
7.259195170652717188e-02
-1.342016222146442672e-01
-2.186004688767121673e-01
-3.041086245190338100e-01
-1.899322444857531600e-01
1.350310798322912065e-01
2.345372520699489371e-01
2.122557362924241964e-01
1.078183624726183620e-01
1.961392815243707122e-01
1.713715216410465481e-01
-1.297410902536599020e-01
-3.038850234387745208e-02
1.399088358468462100e-03
-8.881059646937775336e-05
-3.851970283102514872e-04
-4.824161558707545060e-04
-5.556228711314530793e-04
1.237445713210755206e-03
-7.904947489164044615e-04
2.195944400591174836e-03
-1.108991858827934607e-02
-8.213500734483481294e-03
9.750153376146811679e-05
4.742832104817171213e-02
1.587320184242107524e-01
3.540977132122285487e-01
5.237029322377821927e-01
2.209632028187801661e-02
-1.259972110057412664e-01
-2.788139824312329540e-01
-4.126576200524208482e-01
-5.894162440342856080e-01
-9.558271504974379107e-02
2.576958877602849030e-01
2.109048737419153829e-01
7.704175124698359189e-02
1.116264934289159100e-01
2.893572157931934095e-03
-2.042690315981966764e-02
-3.646218015025331355e-02
1.703002005920279793e-03
6.715258606289726748e-04
-2.763441832007492230e-02
-3.926242078385155064e-03
1.101741903399530882e-02
9.311472100170409022e-05
-1.386084148954630328e-02
-1.691069683296964749e-02
-2.952578369771937175e-02
-5.631761271200024649e-02
2.677754762869009788e-03
4.114884175192198845e-02
1.339597644942041588e-01
3.472376782974723186e-01
4.453566483482531146e-01
4.024766811719652226e-01
-3.904658493290616428e-01
-5.510742339864749262e-01
-3.728312884344371914e-01
-1.179648348280461050e-02
1.874960651737892781e-01
1.845056257892499219e-01
1.505752274446673922e-01
5.248192872964983768e-02
-2.167596439727089569e-02
2.460810692560919943e-01
2.887770734130113426e-01
2.212767250371087610e-02
-1.206798544225543023e-04
-6.468688507052578959e-03
-8.840528720029917908e-03
-1.308007060632257468e-02
-3.662293188099462714e-03
-9.316692023617244994e-03
-7.513929574432975933e-03
-3.742748206242006020e-02
-4.814523880194362254e-02
6.106978862909589328e-02
2.233035663503407653e-02
1.962927136659312413e-02
3.386366342521419104e-01
2.156327841568446424e-01
1.939918941576911082e-01
1.371413393816137138e-01
-4.516862220400055805e-01
-7.943252219798947467e-01
-4.147021222442934252e-01
1.475741661363912660e-01
2.914296378661473952e-01
3.362521479829020388e-01
1.411492205538817657e-01
-1.461764441500969236e-01
-4.738023439968568062e-02
-1.117638066215467102e-01
1.309755994199745255e-01
1.334937784060548915e-01
6.887044722009319671e-03
-8.002627151633456837e-02
-3.778020157788283817e-02
-1.284288962658558519e-02
-3.898976029740944954e-02
7.605445246694011313e-03
2.233519695013857359e-02
6.021598840621729398e-02
8.483913730876581349e-02
-1.682676819277328928e-02
5.594955454909016773e-02
-1.377184660121508752e-01
-6.756291889429366648e-02
1.676248087811088583e-01
-1.875647098038176197e-01
-2.935537917845250644e-01
-1.217995392748903033e-01
-3.655817831455756561e-01
-1.675288125048767229e-01
1.647470002054831073e-01
4.328905320939786527e-01
4.023931494405275089e-01
1.681330238423507095e-01
-1.421695059468892075e-01
2.233391641279008633e-01
-2.183534687572003530e-01
-8.244566980962528269e-02
2.936458533631524093e-01
-3.009384312867466674e-03
-6.030852607304838797e-02
-3.995729864295646805e-02
-5.692084573574083400e-02
-5.288916893222429805e-02
3.596341986439736266e-02
1.916820099372099906e-01
3.224957164405741761e-01
2.346913596379740508e-01
-2.667498751297868453e-02
-1.033578283359229549e-01
-5.333602456108798018e-01
-2.236333586976630983e-01
-5.526104215450661217e-02
-9.836446880248778113e-02
-1.302632014190088783e-01
-6.795235054449917655e-02
-1.319187803394155090e-01
-2.261165945478958439e-01
2.187081580298766148e-01
2.084789328510497919e-01
3.220425287292463246e-01
6.233092366253788902e-02
6.355138879159275000e-02
1.698165625007906632e-02
-2.034992242462471124e-01
-2.424412412343181222e-01
2.650934182158236618e-01
1.264620024959615778e-02
-1.147599643635789299e-02
-8.417860630843197745e-02
-2.126729816008716689e-01
-1.050163402145022906e-01
1.564058171499583816e-01
5.356634566504953066e-01
4.234397855419069767e-01
4.649443001286307497e-02
-2.189804841248276790e-01
-2.270547954173345595e-01
4.768037804066334491e-03
-1.694038439388706463e-01
-1.598847742974226216e-01
-1.224678009769951392e-01
-2.910854971738157104e-01
-2.026862721102538345e-01
-3.200377772498837481e-01
-2.840370730235520225e-01
-2.921288460899882922e-01
-1.025194368246258592e-01
-6.467146591393581334e-02
-1.845004907578857711e-01
-1.224000561817710359e-01
-3.853928084651855879e-02
-2.544022579847386445e-01
-3.521007898079662746e-01
-7.763998791490509671e-04
1.653459617261323344e-01
3.978945400187314935e-02
-1.983873471223554508e-01
-4.142157309574194257e-01
-1.996439969441655971e-01
7.343671744465807283e-01
4.193818707858281702e-01
1.014820142040873466e-02
-1.164638942167361274e-01
-1.784978996071983071e-01
-8.246513008136766021e-02
-1.865449373167340774e-01
-2.519797062458317694e-01
-2.762124391372369203e-01
-2.855243848674035578e-01
-2.868066747655625970e-01
-3.633750319579258092e-01
-2.675421396924834161e-01
-2.197417472785083425e-01
-2.951734158065545399e-01
-2.066724341468175741e-01
-2.592538768687927542e-01
-2.991500123163854385e-01
-2.259757406127816393e-01
-4.262968970488849041e-01
-4.243893722218792242e-01
-6.867664720733078765e-01
-2.258928007510846714e-01
3.644305766058177909e-01
-5.223025930476458273e-02
-3.389067936953030213e-01
-3.407108472858345616e-01
-1.292156202403435261e-01
1.020849670804929055e+00
4.871179207744450457e-01
1.844198268606569158e-01
-1.207436362153554987e-01
-8.361878541139707022e-02
-1.063456757637753491e-01
-4.013975911039550093e-01
-4.594662739300147541e-02
-3.355133294224179052e-01
-4.017401173242522994e-01
-2.128415550906299358e-01
-4.497244835605299085e-01
-1.644618492774989060e-01
-1.278805647146058766e-01
-1.944898334331964240e-01
9.813028031379789073e-02
-9.977501314512787767e-02
1.651007321691411872e-02
-2.806982924693593451e-01
-4.730239807942963615e-01
-7.009918379637039010e-01
-5.423033138745465553e-01
-2.252411695447235906e-01
1.055413492248254148e-01
-2.745640498273925825e-02
-4.005090039281943848e-01
-4.866095368328217652e-01
-7.427598516360288394e-02
7.330178230357987657e-01
3.976870787527828077e-01
1.932979508356077736e-01
1.629935548915672772e-01
-8.406440475513549115e-02
-1.193804344733888079e-01
-2.584522294021758815e-01
-1.141897460054010355e-01
-1.577407950882858123e-01
-2.485868293247146255e-01
-3.034225333173640182e-01
-2.243406416957860749e-01
-9.039111481701050943e-02
-1.316188109845479459e-01
1.844780511028208392e-01
1.258360531938156057e-01
-4.220261952734318846e-03
-1.461579079004129370e-03
-1.436445291532603419e-01
-3.777654922966459661e-01
-5.730989501056404922e-01
-2.947215389264241092e-01
1.512829159708820037e-01
-1.699864786250207538e-01
-1.228252824039851865e-01
-2.247961593974292516e-01
-4.457569712736050294e-01
3.701651617112551584e-02
8.313013823329825636e-01
6.354090545574128113e-01
4.362527207108790051e-01
2.437594069213959991e-01
5.146895488548625455e-03
-2.026086947879165434e-01
-1.066425713102347878e-01
-4.511011420476093714e-02
-1.412369301834607571e-01
-3.739834508407355318e-02
-1.165515690185117970e-01
1.727359484968190098e-02
-1.712691380289010079e-01
1.059064276733229365e-01
1.475233925019058812e-01
2.087976650665233080e-01
4.889090874352385735e-02
3.760580780438828596e-01
2.085361152191385348e-01
-7.096026007080544207e-02
-1.584334699813140790e-01
1.178676760831325054e-01
1.608758751786683316e-01
-1.051579320378044635e-01
2.909773844421200892e-02
-6.075932766354702474e-01
-4.937032695554195993e-01
1.137640992396998646e-01
5.459063848593066481e-01
4.129168120458328595e-01
3.392453858136696421e-01
1.088123013607183304e-01
1.335644168892187282e-02
-1.466094199081296456e-01
-2.637615174687701902e-01
-1.555085923471548164e-02
6.455792289163683750e-02
2.767781743147597617e-01
6.086177256356321841e-02
-7.219297629733054111e-02
-1.020203744306926036e-01
1.995239536752465015e-01
2.474951033875987527e-01
4.141352215107305113e-02
1.422678021113963631e-01
3.516336849001400755e-01
2.920716924112721213e-01
3.109832952465437783e-01
3.711947536271796300e-01
2.503206146419076350e-01
2.861953863699447931e-01
-1.423090549403868144e-01
-2.287720457962626741e-01
-5.115286179614163542e-01
-3.607340632365991229e-01
3.292557594566551671e-02
3.109516243397863478e-01
3.562345518595727012e-01
2.650203199971685741e-01
2.131361856236538843e-01
-2.063673163886205544e-02
-2.381325174728219501e-02
4.221379850911503515e-03
7.000474470821714534e-02
-9.199574853107275740e-02
7.591869248490751287e-02
7.842820996370467382e-03
4.402184519988903977e-02
8.969851713281340455e-02
-5.453147199679161256e-02
-5.963085191610205393e-02
2.281083733667614924e-02
1.559666739310088257e-01
3.611800498918487090e-01
7.102724764482989950e-02
7.594191950126769064e-02
4.607355981974960990e-01
3.753922643678234139e-02
-1.105853098066633816e-01
8.556272329498709750e-02
7.819015701892970127e-02
-1.401545604255867716e-01
7.008658316426771145e-03
3.941503000843409737e-02
5.627023388056811015e-01
1.929493751143571967e-01
1.000177103075117757e-01
-7.150795104356911722e-03
-8.214475912456320472e-02
7.954404438431483815e-02
1.333028397257677300e-01
9.990353119456464592e-02
-6.379727576305514736e-02
-4.639638798808114195e-02
-2.469610867826422806e-01
-1.363252211176436413e-01
-3.261285738395906519e-01
-1.480472551923515123e-01
-1.049314704575480955e-01
-9.172841001698289753e-02
-1.132787829886525988e-01
-3.234135988722364186e-02
1.972436093109296903e-03
3.504628617994712952e-02
4.848752513221900040e-01
-2.172578485352587851e-01
-5.743986779048777525e-01
-8.724567222727035165e-02
-3.525557470004873212e-02
-9.050820676595093539e-03
-4.506186291900059898e-02
-1.552508997214703578e-03
2.728758264098182784e-01
1.279199543216006374e-01
2.161500547218287716e-01
3.849405705846681985e-02
1.059108312938444318e-01
4.130688041905016678e-02
9.297977721537448170e-02
-1.319787089992476578e-03
-4.087675141354780994e-02
-2.109312856228535704e-01
-3.034555619642986257e-01
-2.525867234303511566e-01
-6.718898974040463656e-01
-4.708600929935238266e-01
-4.296980823219893053e-01
-1.352771094761979487e-01
6.088807019349642274e-02
-5.671044897127881096e-02
4.707044425030467577e-02
1.177674369620498318e-01
4.197231755483046833e-01
-1.229827790799733478e-01
-5.723292952045303528e-01
-9.271669604266934150e-02
-5.523063128153826717e-02
-9.517835262676511976e-02
-2.884122347936949465e-02
-1.361918758746438578e-02
8.884806754448153210e-02
1.893291383573028064e-01
1.801301667374362037e-01
7.054678486053729547e-02
5.860358165792496632e-02
1.335643682425064760e-01
8.780030447299233543e-02
1.162821247047967493e-01
6.108150042812840463e-02
-6.353374449740238628e-02
-1.134704768267920522e-01
-2.247509186773967715e-01
-3.128347910387544450e-01
-3.502684318780349138e-01
-4.386928915673860563e-01
-1.151160695466818679e-01
1.810688620098886148e-01
1.013739556172314898e-01
8.321213363188108281e-02
2.194222560594258631e-01
2.550227325520095789e-01
-1.951084169272398194e-01
-2.643459143883670204e-01
6.221690684022325446e-02
-4.137745626292475831e-02
-7.007994412818882579e-02
-8.021072904494677691e-02
-4.224648392887682402e-02
7.436456724205231517e-02
1.151740487436281601e-01
2.163462005838837077e-01
1.363960127406378953e-01
2.946553875191830138e-02
3.246776156419820675e-02
-8.612889219935183915e-02
-1.472122329368270519e-02
5.743244340171728413e-02
-7.701032341200704512e-02
-1.861607653884007063e-01
-2.713507191488770398e-01
-3.506190567683701298e-01
-2.536698666123006762e-01
-1.479913528938874567e-01
-3.445214653733694177e-02
1.782468421493940604e-03
2.911059311442078246e-02
1.455752142124134840e-01
1.749365819316866799e-01
2.628067634289036891e-01
-7.246174646333768121e-02
-7.327884314095904628e-02
1.535923702562528789e-02
7.331992351736545122e-02
-9.500389374118036606e-03
-3.720309610505444925e-02
1.077320960217776659e-02
4.115987160854429200e-02
4.098779609423127551e-02
8.268177284826805362e-02
5.746514669981291068e-02
2.883178445215507299e-02
8.881604167456721988e-02
1.040654003631904106e-01
3.221116972030982351e-02
-1.198852725573335692e-02
2.971609502719663523e-02
-1.052006784260476474e-02
-6.430241600002602198e-02
-1.119262268898591067e-01
5.957988836213305717e-02
-2.927771122274377621e-02
1.015515842132600800e-02
1.828520155963521410e-02
1.150840086026706649e-01
1.762480394190311384e-01
1.930749615952854215e-01
2.492112493752609848e-01
2.360483882966727190e-02
-2.613595873771613898e-03
-5.996174722871944196e-02
-4.514748167093949466e-02
3.693399337454782855e-02
6.612693548383913322e-02
6.146459758333355783e-02
9.546538888651549815e-02
7.690643698839723374e-02
9.698385705912655752e-02
9.263152299881534379e-02
1.122676846916084714e-01
7.204272037036060783e-02
9.610478497918044372e-02
-2.191393426509470263e-02
-1.790347941414859034e-02
1.938451047881351030e-02
-2.032321213920960240e-02
-8.782658062770941354e-02
-6.390869545042099364e-02
-2.911642976289971485e-02
-1.282901687970037369e-02
1.468313673988135698e-02
3.906695049327213454e-02
8.634454048620515687e-02
1.027696568954666601e-01
1.417978198542899915e-01
1.254077004828186848e-01
2.727441299572294989e-02
5.935446044747614940e-03
1.221054192644613866e-02
-1.706388326179922657e-02
-3.441893769054605451e-02
-2.082044998433474001e-02
-3.869719009858555141e-03
2.684520857991672810e-02
5.261081359511288885e-02
7.797184387825184526e-02
9.242419155166957390e-02
9.775888458301103257e-02
1.298856707490666229e-01
8.263362564650622577e-02
5.409534286963996186e-02
6.455077562072757125e-02
6.481956210521737372e-02
-1.514743882812554475e-02
-6.831474962139190421e-02
-5.753046693170970477e-02
-1.520962136048680489e-02
2.459813771568498258e-02
3.538536392164887481e-03
3.896565309185974491e-02
5.638641102088593621e-02
5.900514791510412527e-02
2.892551273712316157e-02
4.110663163973722611e-02
2.906556318753223539e-02
7.436758012317212264e-03
6.151988781325935102e-03
1.632495910069163211e-02
2.430626592463931701e-02
2.316784684614419873e-02
3.438823682456198377e-02
5.204700564299450521e-02
4.569590436110427395e-02
7.772647268689726607e-02
9.812015478564536930e-02
8.928202212337994770e-02
8.178855831007778021e-02
8.917399897799938024e-02
7.259381771064035704e-02
1.248267282115796961e-01
4.734541676584227976e-02
-9.652455520153670893e-03
-7.198112104887965067e-03
2.708682789694552909e-02
3.599176689553580666e-02
4.002224027777153553e-02
6.074855463501761810e-02
5.158299112830112831e-02
5.869216608694304005e-02
6.260230886505031844e-02
6.526629071410867955e-02
5.345471181005445604e-02
2.191094246197252890e-02
4.733528391636542508e-03
6.920653319195037723e-04
1.537221851246799468e-03
3.041577901514069728e-03
9.382192437528944634e-03
1.872145016447949312e-02
3.388860377533782497e-02
3.049428629632156343e-02
4.774012123320137135e-02
6.248604451070829957e-02
7.463505431105080246e-02
9.222134723659207445e-02
9.131315292953247342e-02
8.703520791666378986e-02
4.688176066024815625e-02
7.803941269095638136e-03
1.301981206949863945e-03
-1.120178832599597572e-02
1.611092833293746238e-02
3.395139315792557178e-02
2.342532301489843802e-02
3.456864636076730640e-02
2.532071731093298722e-02
2.881048080772490375e-02
3.067817197168723822e-02
1.802834817432429071e-02
2.868970487295112882e-03
4.672411605671110066e-03
2.300312408112432407e-03
-6.498962154107875699e-01
1.991064619235057176e+00
-5.076773140368551207e-01
-8.086789566379055660e-01
2.983624318780115914e-01
0.000000000000000000e+00
7.291474689089366600e-06
7.291474689089366600e-06
7.291474689089366600e-06
1.012918762008924688e-02
1.012896791671202487e-02
1.013126557275427150e-02
1.018727408485855905e-02
1.012892912083107090e-02
2.034282843258035606e-04
3.609333731271101124e-03
1.318039819103579468e-03
5.269962605275336359e-03
7.281676172307307258e-03
-6.110233613250647122e-02
-5.159967304025121076e-02
4.471163456328890694e-03
4.527314828660169987e-02
3.879282602792033519e-02
3.240731947872029645e-02
3.750121923144637132e-02
6.603098250129025952e-03
7.415371453557975494e-03
9.440322311943834602e-03
9.306828429248677897e-03
3.353519355833108062e-02
1.942679523706804939e-02
8.576317126719261951e-05
0.000000000000000000e+00
7.291474689089366600e-06
7.291474689089366600e-06
7.291474689089366600e-06
1.012895664488178832e-02
1.013010965789010523e-02
2.321541458653471855e-04
1.435123751580304186e-04
8.283832747133937433e-05
1.178125351126193794e-04
1.417093009810948623e-03
4.729898004863466142e-03
4.000165446826085824e-02
3.782391567008022010e-02
3.204247025500202989e-02
4.854450163400929330e-02
6.087169725444489810e-02
3.940532366269663272e-02
2.440937336936192456e-02
4.965406012339400321e-02
6.381837449133676010e-02
2.057232885990420770e-02
2.026063608810457425e-02
3.289710338009517454e-02
-2.677592489572517068e-02
2.862138697687126657e-02
5.327800126021685866e-03
-1.377792162198601678e-02
0.000000000000000000e+00
7.291474689089366600e-06
7.291474689089366600e-06
7.291474689089366600e-06
1.014249103242336088e-02
2.407154774265349263e-04
2.335443276903481624e-04
1.829052536856587679e-04
1.302890106058877083e-04
1.731351704562446748e-04
3.694935292933677960e-04
6.995960133234147525e-03
2.708342125870212905e-02
4.158106819876469795e-02
4.443463579418541892e-02
4.331979834079496133e-02
5.359009331659581737e-02
5.790848015531985249e-02
3.563835333652454890e-02
4.862922236049155994e-02
8.516018293539523443e-02
6.246104349856083926e-02
6.430915723842833831e-02
7.154890932183599617e-02
3.939098793309100954e-02
5.845451755364396672e-03
1.929748983251498243e-03
1.631146599615577715e-04
3.130187563733263887e-05
1.191466905465558001e-05
1.191466905465558001e-05
1.413312732866048727e-04
4.281586101469419658e-04
1.024173902946861649e-02
2.935980758017247096e-04
2.232138817615380449e-04
3.162281052420024994e-04
4.918405537238764369e-04
3.366823068046813534e-03
8.950484724552157725e-03
3.065332766460799122e-02
4.373842886312297867e-02
4.143367566499001758e-02
1.574549213680926860e-02
2.854130361190338264e-02
7.591672721253472922e-02
7.267147449145792970e-02
4.631093101199735412e-02
2.380563115395535959e-02
9.298972597860664935e-02
5.791193780002898417e-02
5.978852760820724949e-02
6.746581540216714523e-02
3.976085242975464264e-03
5.881655620122423420e-03
4.714110043953901805e-03
1.340393618277728710e-04
1.191466905465558001e-05
2.553863824412459259e-05
1.379852353263801826e-04
4.280626878717063138e-04
4.518979024845488305e-04
4.916524049090207564e-05
1.916193012154697992e-04
1.981468001380010319e-04
6.177906643400974795e-04
4.596347377314893498e-03
7.018571763324350267e-03
2.733586362507549675e-02
5.872118641316793897e-02
1.150063741108538207e-02
-4.735662773553987737e-02
-9.343867229117878981e-02
-6.974139276256938191e-02
-8.524309112941787225e-02
2.797194559867639124e-02
5.307575459841296084e-02
1.144459346444658826e-01
7.189059559965123303e-02
4.017915796380707588e-02
1.714463231399008733e-02
-2.844163534712423197e-02
1.399902491952418303e-02
-1.242546087944826306e-03
-5.369359058818242575e-03
-1.122816569056381449e-03
1.119205437862717752e-04
1.121324611025745151e-04
2.867157124652387106e-04
1.575515109867098263e-03
1.386184285264608642e-04
4.197988070985575780e-05
7.498362079230330203e-05
1.486654472709036858e-03
1.394974081521402690e-02
1.505583341198972816e-02
3.851611621601025437e-02
6.148446049938958297e-02
-2.917084156443073423e-02
-2.089402788778221484e-02
-3.172609718181672311e-02
-5.655957217749949667e-02
-8.565464286680696260e-02
1.702650856529704104e-02
8.564762381003997171e-02
1.199089339041191776e-01
7.784321606047088504e-02
7.219665982598422183e-02
1.264374300416298280e-01
7.755101567575723755e-03
-2.917768367980420885e-02
-8.390089017858698775e-03
-1.777902742348343211e-03
8.498691724758534278e-05
1.217339773952080437e-04
1.112402134335770175e-04
2.531777541110056206e-04
7.765621817195941887e-04
9.290670099959036712e-03
3.121465358749213304e-04
8.363665972665963776e-05
3.053056610432349372e-03
1.367150166205237556e-02
5.654883097723287233e-03
4.417175806608102107e-02
9.258559606506136519e-02
3.433241974188371709e-02
6.613630960697462757e-02
-2.336531646411275226e-02
-4.543761082836209747e-02
-1.026972099987066012e-01
3.020181092054335936e-02
1.602207353897960873e-01
1.247784256809592041e-01
1.292910670209245771e-01
-2.203769401009416165e-03
1.850282891860691170e-02
9.759415550609294721e-02
-1.140999002773668419e-01
-6.744601279432083617e-03
-1.548164536009708500e-03
1.357152825997307098e-04
7.830966128587673681e-05
8.271589295371910180e-05
1.434902855045410667e-04
3.435196054452018693e-04
4.867497709867696018e-03
1.469594068404006700e-04
-1.461472199312720960e-03
-2.266664708054647731e-03
-1.707315574469902425e-02
-1.060835006187713661e-04
7.924683465951480599e-02
1.625969244393673518e-01
2.380880844610938074e-01
-7.371118262096146290e-02
-6.984773352417373606e-03
-9.957849470093010913e-02
-2.056608738032582318e-01
-3.949155305363792334e-01
-6.129895596033950456e-02
5.537757904904454243e-02
8.696012038121446464e-02
-3.563842147115188486e-02
-3.966362411089807694e-02
-1.445871522642030449e-01
-9.687074515037352729e-02
-5.130227470646725810e-03
3.467936962813781740e-04
1.675444369873539294e-04
-2.802712851056542512e-02
-2.502662635316919414e-03
3.933869276899390130e-03
5.094195189075657838e-04
-6.713078152732881825e-03
-1.509640850610602728e-02
-1.225115608377017398e-02
-3.051445085386127187e-02
-2.010313296486694254e-02
1.398197738239999668e-02
3.922004129564407582e-02
3.260210413525828355e-02
1.028403008749243092e-01
1.777839264229314764e-01
-5.340908313715063416e-02
-1.582700210449435735e-02
3.221278361409125879e-02
7.207224872957157871e-03
8.854046875282164941e-02
6.466528118614693621e-02
-9.026092851481494136e-04
-5.923876522449790516e-02
-2.352177749576167543e-01
1.307134780517361372e-01
1.206269551650277078e-01
1.136479518791106043e-02
1.972656586072616259e-04
-2.125285762116474724e-03
-1.501395121964527353e-02
-1.321192243765034399e-02
1.129489509904585062e-02
-4.824277304767872476e-03
-1.779700366271224840e-02
-3.749901861440882445e-02
-4.410350685852244823e-02
1.206745796754780730e-04
1.395784143886163314e-02
-8.846121837495057871e-02
4.380770941549994024e-02
-5.679616995067968133e-02
5.807838180715232251e-02
1.583300549373035382e-01
-1.260348358756650522e-01
-2.735856804515176544e-01
-1.156269877540888336e-01
2.704976609906207391e-02
-6.349980348258180141e-02
7.763918933857671956e-02
-1.008850803160747482e-02
-2.967519583817528339e-01
-3.976474719945298497e-02
-7.106399105668877170e-02
5.313358522805084611e-02
4.169012527992633360e-02
4.404155419611697261e-04
-7.110905441704111485e-02
-2.216226044142922610e-02
-1.990231911089693131e-03
-4.293616573601675285e-02
-2.365056628257464211e-02
-1.369220306962584850e-02
-5.745735090788795831e-03
1.159161298349257324e-02
-4.387055887039327529e-02
-2.879082748599719795e-03
-1.179923837572626755e-01
-6.407598996414246018e-02
1.715454601592888428e-01
-3.177893291607468418e-02
-2.092196750238795727e-03
-3.351401197867563686e-02
-1.037317392174942898e-01
6.280345799926795487e-03
-6.104466058580592519e-02
3.571041798629771835e-02
-1.306636026503201972e-02
-8.415996383726333241e-02
-2.441273523660562328e-01
1.614604461192473694e-01
1.601992461482930688e-02
1.070345640147282451e-01
1.038953797520708044e-01
-6.583919676276504124e-03
-3.711010692454182885e-02
-2.282396674840011727e-02
-4.041798505902728655e-02
-4.693203905869964415e-02
-2.267453250296449369e-02
5.446214443205264072e-02
1.211742560300536065e-01
9.868154925391604826e-02
-7.878830526099334097e-02
-1.236079286512043601e-02
-2.662784349505137871e-01
-7.277244442820650361e-02
8.509143164103145918e-02
3.044422948290234979e-02
-7.436146250301028937e-02
8.923056166094069097e-02
9.284573118486698362e-02
2.294757956002424840e-02
8.148598348046594275e-02
-1.059639744628125130e-01
4.469949572837934176e-02
-6.818961493046615807e-02
-4.226873877200186536e-02
1.448028620545749878e-01
6.856327508416484862e-02
-7.274933905597689987e-02
1.320680443277608418e-01
-4.750609097529769065e-02
-3.208298909666769394e-02
-4.491164715346884773e-02
-1.193498628369949327e-01
-1.104702664578136734e-01
1.665594929184621665e-03
2.543044538146259637e-01
1.971505417898867796e-01
3.777554910531440418e-03
5.392550950775434199e-02
-1.437194962232444390e-02
1.838136067299385168e-01
-2.212414794400404533e-02
6.277993884480359554e-02
4.051866659672097998e-02
-2.053110547821593995e-02
1.155817352915386870e-01
-2.331313754295794710e-02
8.051191033681771858e-02
-5.748341803966618146e-02
8.414820340488182726e-02
1.032007953323238331e-01
9.433081229786635657e-02
1.969313787998913934e-01
2.594431692654142751e-01
7.604364791885631636e-02
3.659422096929523804e-02
4.151523193439062009e-02
1.080930822114484352e-01
5.571713533509172617e-02
-6.012957044100081944e-02
-2.297651241267023581e-01
-2.019288931712369395e-01
3.608577189616875014e-01
1.861968789909985433e-01
-6.699389831767256498e-02
-1.331573932618749234e-01
-1.172677880225349301e-01
1.095164205012501557e-01
8.259077107081879907e-03
5.413757162092402297e-05
9.711689893096292492e-02
6.393303123415458589e-02
8.569082338180562808e-02
1.323171543273743422e-01
2.470217511319584558e-01
1.678536577256207196e-01
-5.708426799514388500e-02
-2.950945586982547247e-02
-1.535064218461345761e-02
5.387651204520314124e-02
1.477904159064428735e-01
2.623086791934905668e-02
9.137356604508371782e-02
-8.427363201064258513e-02
-5.354128911330691826e-02
2.600824713841993208e-01
3.258001597603319560e-02
-1.208362525374703927e-01
-7.582688171842986991e-02
-1.164849810091509313e-01
4.754203698307480908e-01
1.444235045861966826e-01
7.450896193376262133e-02
-6.088239392767649111e-02
1.868664813298244742e-01
-1.133626266557279626e-02
-9.528835313445671584e-02
2.670199200785355886e-01
1.513934782008876656e-01
8.293538855279546096e-02
2.727593000998855266e-01
-4.582170460086331526e-02
3.558207766753067602e-01
2.265113810252532556e-01
8.888930543916306881e-02
2.479998900826188291e-01
-1.871886645134209631e-02
2.437598620136522953e-01
-1.907176103841316112e-02
-4.602142907562726398e-02
-2.523860529384637785e-01
-2.626584457155426572e-02
-1.045338647251967817e-01
1.465864198553901987e-01
2.167374647522648801e-01
-1.085056046755646653e-01
-1.826918102444243519e-01
-4.528351533872505830e-02
4.768679954063152482e-01
1.245046533956922635e-01
7.567844022318671870e-02
2.047901798472281099e-01
1.070895468606106321e-01
2.435485474202054301e-01
-9.316044504647930102e-03
1.770439096992623695e-01
2.596076948795510431e-01
9.872650220752059169e-02
1.750756510218042517e-01
9.743259849147624385e-02
2.449733567038757664e-01
-7.965679816441246022e-03
2.149250170627202139e-01
1.155446946688959420e-01
4.347845510102962135e-02
1.076577287352898926e-01
6.294582919943902954e-02
-1.695354450200047339e-02
-1.482068257446211845e-01
2.055336163296538760e-02
4.387619290571991709e-02
-4.549140028982144070e-03
8.374763492015085964e-02
-1.529357177616958996e-01
-3.817696531806501481e-01
-6.928057544977425652e-02
4.281054662795812371e-01
4.050682011441340546e-01
2.662227643852632109e-01
1.585621482443888286e-01
5.556459800955127620e-02
-6.318493966395753725e-02
3.372618391569344454e-02
1.018506368408760715e-01
-1.230122888763892502e-01
-4.784376563886773293e-02
2.751376197646630828e-02
-5.862400511856635105e-02
-1.729674523491972482e-01
-3.538189056372253311e-02
-7.898970582339942537e-02
-1.109482301662514520e-01
-1.489838439359729705e-01
1.437018587944161319e-01
-1.521984832579770519e-01
-1.072752002045166270e-01
-2.536266608746964302e-01
-6.263465707031443119e-02
-2.319088998327583848e-02
7.392335180844318565e-02
3.614269199772316976e-01
-2.022563273969929243e-01
-2.258729939669721631e-01
1.642467877180462110e-01
2.358761098805751966e-01
2.062272667884186006e-01
1.692647437004662636e-01
1.402723525155070289e-03
9.034556689777279576e-03
-7.945842860225146853e-02
-2.750784997387448194e-01
-9.693490037360982803e-02
-1.847248575205913401e-01
1.105551977007229042e-01
-8.903374168936989408e-02
-2.430847056896096314e-01
-3.853850983217744219e-01
-7.538600219379032463e-02
-7.765837059780174301e-02
-2.164911039692557215e-01
-1.700675791757336741e-01
-7.204293545571909332e-03
-6.667558622940872315e-02
-1.179898109906183656e-01
-1.043662454661263145e-01
-4.125213223375061994e-02
2.820953770449904224e-02
-5.401028918978535709e-02
-3.170223143308639746e-02
-9.911437543586351651e-02
1.449651190185963744e-02
1.492922685337547128e-01
1.457669136462870219e-01
1.126415678531109826e-01
9.455095783042299917e-02
2.947131020272680119e-02
-6.746401338467265807e-02
-1.447578620882581657e-01
-9.636430709078840084e-02
-1.293874464628880228e-01
-2.063418212541310859e-01
9.386851892699099587e-02
-9.264815904395363316e-03
6.576392310310441580e-02
-1.400100399793889790e-02
-7.878816950528777507e-02
-6.091578500399673357e-02
-1.046576959091583686e-01
-1.328493333727635006e-01
7.571471841466705099e-02
-1.117752314437586020e-01
-1.726788346857582312e-01
1.603917374034095900e-01
-1.253954016238522859e-02
1.828979672217972627e-02
-2.548849248009040294e-02
-3.647105015469307571e-02
-3.260394196911575032e-02
1.125110957071383949e-01
1.776371855342704920e-01
5.030866160429269263e-01
1.539825043641467883e-01
9.699100088648969498e-02
-5.247163875579845260e-02
-7.725664448824048902e-02
1.184989669781412042e-01
5.532130167793639086e-02
1.181453647985231531e-01
-7.425522782705969160e-02
3.480854720961785997e-02
-2.584682224211363732e-01
-2.744951714528848577e-02
-1.175590220205363634e-01
5.661018744839913137e-03
7.871468306683435112e-02
2.350097732529716002e-02
-6.169772286006947049e-02
6.708625118128730414e-02
8.102542622433640818e-02
1.043310432065040483e-01
4.689383528479839636e-01
2.689511234163726502e-03
-1.452946581693631833e-01
-3.184335843519593701e-02
-1.301026684456712545e-01
-7.449634008048146294e-02
-7.029973988137384888e-02
-6.504247367578980255e-02
1.291358481345112885e-01
1.281939555159147814e-01
1.632509280691670506e-01
7.585297395073815896e-02
1.653230357795573702e-01
8.116226434352534491e-02
1.379527314497841772e-01
7.549037470191251320e-02
1.452497960123550202e-01
4.559938975940206612e-02
7.503497087991455039e-02
1.646866970136480479e-01
-3.025441625773249710e-01
-4.635823584082946619e-02
-7.335269534695566807e-02
8.329453948061078805e-02
1.676444402566419911e-01
-1.596594829614115391e-02
9.491121932508840564e-02
1.441402451486131775e-01
3.379520466168333681e-01
-1.240783121579947385e-01
-2.375784522207393668e-01
-6.904343155879337501e-02
-1.079944211132801563e-01
-6.360854852900901801e-02
-7.642420800471410106e-03
-1.004423720994221218e-02
1.257833646542793060e-01
1.592916932989976997e-01
1.778337735264623742e-01
5.312824893721113800e-02
8.725530231062134101e-02
1.188088412872011779e-01
1.202605311876316085e-01
2.216081153013998162e-01
2.001376944431390859e-01
9.894083169112925791e-02
7.476169449959221835e-02
-1.903759010227017504e-02
-7.914427388287932630e-02
-1.189494424965972658e-01
-1.660342963137194927e-01
-7.006980298871039181e-02
2.090504943202043664e-01
8.796648976856603908e-02
1.847697929894479701e-02
1.242329028897330712e-01
1.976638801201930917e-01
-1.203980234648293485e-01
-1.007400634861221611e-01
4.249118498023260471e-02
-3.966096229706356918e-02
-7.239996576214167978e-02
-4.379797557632927885e-02
-2.277876574733777790e-02
5.696455049918503627e-02
1.193782298926554242e-01
2.088062510826527163e-01
1.493707115085971537e-01
8.042707945447215290e-02
1.244318722042189879e-01
4.316918180714336001e-02
1.374648350500078942e-01
2.402736024524219915e-01
7.316932255273690677e-02
-1.526653596450187715e-02
-4.223152595732447556e-02
-1.087945183662314547e-01
-1.081059370713529505e-01
-3.659203312704066569e-02
2.181248818608375745e-02
2.606400346417480154e-02
2.797826182499209627e-02
9.715695620489049611e-02
8.627901806448839972e-02
1.523032416490706642e-01
-6.271085730810009584e-02
-3.123444487002760561e-02
1.283597557205274318e-02
8.100899376847582600e-02
6.327372583123630490e-03
-2.490268155836110678e-02
7.804396786397635281e-03
7.142691812571222432e-02
8.364692752916928764e-02
1.292047784336287641e-01
5.071115204571333829e-02
3.381940461219368893e-02
1.056126574733782103e-01
8.218217702969780880e-02
5.316988214100951127e-02
-1.632179466969925496e-02
5.822296205276950021e-02
6.893341444591119527e-02
2.852596674804350196e-03
-6.349239428013472852e-02
5.100276703650101495e-02
-5.779336766749200438e-02
-2.496494415286507410e-02
-2.387473923190668208e-03
5.923335475208028195e-02
7.945595777854923270e-02
7.221301220541155585e-02
1.303070437629107459e-01
2.201274334546519419e-03
1.796799792339982653e-03
-4.305292084783490097e-02
-4.292615954292023500e-02
2.122432371487265393e-02
3.558652426685913334e-02
5.212239051963367398e-02
1.000679979340415582e-01
9.438675843040537916e-02
9.292090908781668046e-02
1.072854526346247034e-01
1.245201706972948325e-01
9.154430532741120174e-02
1.361565979883458954e-01
5.337572476531073778e-04
2.652296088344683125e-02
1.726976108976377086e-02
-2.223057971207397301e-02
-4.955474475649018079e-02
-3.872704938562090970e-02
-2.584975718598140487e-02
-1.041847629591014131e-02
7.481789193597630956e-03
1.648613353087594047e-02
5.356770035904557387e-02
4.849097134229910649e-02
7.783858946557306591e-02
5.172606626347683867e-02
1.411693962489750029e-02
1.447085903996362657e-03
1.362628166468328982e-02
-6.376453547480380284e-03
-2.498865774564627135e-02
-1.335849071515235464e-02
2.265698303824450750e-04
1.999700749743875752e-02
3.280591671852702701e-02
4.179301478927555102e-02
5.255755455547937022e-02
4.594958544922658067e-02
6.935784434807343302e-02
4.072923463380440090e-02
3.172022288350258290e-02
5.692907836249135045e-02
4.602664865458012261e-02
-2.111036702162038051e-02
-5.720393130021535905e-02
-5.606812222109901211e-02
-2.289977127001675480e-02
9.834490513471008319e-03
-8.519896851984617298e-03
2.956303072329155915e-02
4.010438042132198622e-02
3.525147106882458442e-02
1.548746623702227515e-02
2.003127972226801876e-02
2.507963888924612597e-02
6.044249388238033538e-03
2.759304527877865301e-03
6.995981047984790695e-03
1.843663974567657030e-02
2.023080650601891475e-02
3.040766934717221634e-02
5.647523252180936676e-02
4.293824538543827840e-02
7.954995116640993513e-02
9.701008285977943957e-02
8.770809228414211400e-02
8.451299138344582629e-02
8.952710946674910519e-02
7.191171722644396080e-02
1.113027481649411093e-01
5.074661911039277801e-02
5.271698941638505893e-03
1.162927345718718815e-02
2.713100844675152279e-02
3.292014831342690573e-02
3.550191761019802494e-02
5.166688035762433129e-02
4.261654481724266169e-02
4.612880115546690724e-02
4.037824353506355712e-02
4.343784221340923901e-02
3.577415010173147503e-02
2.237547827408165393e-02
2.027182018784230016e-03
2.144774707509970756e-04
4.648147316822570175e-04
2.445617541401903100e-03
5.280150140682313836e-03
8.872000770148222651e-03
2.103644637586088093e-02
2.102809278658552064e-02
3.381343188694913016e-02
4.351224165179709558e-02
5.209064297600159849e-02
6.464994585827722740e-02
6.375165676154084804e-02
6.549518452516517319e-02
4.195172607113261537e-02
1.156135816527362713e-02
6.137751469973805850e-03
-2.567073182603807954e-03
2.325316642240568207e-02
3.081965839886307082e-02
1.296620330334439207e-02
2.756716113329096482e-02
1.784110726931552315e-02
1.870967011994480525e-02
1.533864359502943968e-02
1.032766295479054831e-02
3.779572378250009579e-03
6.934934990359183787e-03
1.966571194971766887e-03
1.398945008800138501e+00
